     2.11           N: GPS NAV DATA                         RINEX VERSION / TYPE
teqc  2019Feb25     CORS-ADM Account    20261006 06:45:02UTCPGM / RUN BY / DATE
Linux 2.4.21-27.ELsmp|Opteron|gcc|Linux 64|=+               COMMENT
     2.10           N: GPS NAV DATA                         COMMENT
rvacn.e(1404.07)                        2026-10-06T06:27 UTCCOMMENT
This file contains the validated broadcast navigation       COMMENT
messages from the following files:                          COMMENT
aaaa2790.26n, abpo279f.26n, albh279f.26n, alic279f.26n,     COMMENT
areq279f.26n, baie279f.26n, bake279f.26n, brew279f.26n,     COMMENT
brst279f.26n, brux279f.26n, bshm279f.26n, bucu279f.26n,     COMMENT
cebr279f.26n, cedu279f.26n, chpi279f.26n, chum279f.26n,     COMMENT
chur279f.26n, coco279f.26n, cro1279f.26n, darw279f.26n,     COMMENT
dav1279f.26n, dgar279f.26n, dlf1279f.26n, drao279f.26n,     COMMENT
dubo279f.26n, dyng279f.26n, ebre279f.26n, fair279f.26n,     COMMENT
falk279f.26n, flin279f.26n, glps279f.26n, glsv279f.26n,     COMMENT
gode279f.26n, guam279f.26n, harb279f.26n, hlfx279f.26n,     COMMENT
hob2279f.26n, hofn279f.26n, holb279f.26n, hrao279f.26n,     COMMENT
iisc279f.26n, invk279f.26n, iqal279f.26n, ista279f.26n,     COMMENT
joze279f.26n, jplm279f.26n, kat1279f.26n, kiru279f.26n,     COMMENT
koug279f.26n, kour279f.26n, laut279f.26n, lmmf279f.26n,     COMMENT
lpal279f.26n, m0se279f.26n, maju279f.26n, mal2279f.26n,     COMMENT
mar6279f.26n, mas1279f.26n, mat1279f.26n, mate279f.26n,     COMMENT
maw1279f.26n, mcm4279f.26n, mdo1279f.26n, medi279f.26n,     COMMENT
met3279f.26n, mkea279f.26n, mobs279f.26n, mro1279f.26n,     COMMENT
nain279f.26n, nano279f.26n, naur279f.26n, nico279f.26n,     COMMENT
nist279f.26n, nium279f.26n, nklg279f.26n, nlib279f.26n,     COMMENT
nnor279f.26n, not1279f.26n, nrc1279f.26n, ntus279f.26n,     COMMENT
ohi2279f.26n, onsa279f.26n, orid279f.26n, palm279f.26n,     COMMENT
pert279f.26n, picl279f.26n, pie1279f.26n, pohn279f.26n,     COMMENT
polv279f.26n, prds279f.26n, ptvl279f.26n, qaq1279f.26n,     COMMENT
qiki279f.26n, reso279f.26n, reun279f.26n, reyk279f.26n,     COMMENT
riga279f.26n, sant279f.26n, sask279f.26n, sch2279f.26n,     COMMENT
scor279f.26n, solo279f.26n, stj3279f.26n, stjo279f.26n,     COMMENT
stpm279f.26n, suth279f.26n, sydn279f.26n, thtg279f.26n,     COMMENT
thu2279f.26n, tid1279f.26n, tow2279f.26n, tuva279f.26n,     COMMENT
unbj279f.26n, usud279f.26n, vacs279f.26n, vald279f.26n,     COMMENT
vill279f.26n, vis0279f.26n, warn279f.26n, whit279f.26n,     COMMENT
will279f.26n, wsrt279f.26n, wtzr279f.26n, xmis279f.26n,     COMMENT
yar2279f.26n, yarr279f.26n, yebe279f.26n, yell279f.26n,     COMMENT
zim2279f.26n, zimm279f.26n                                  COMMENT
    1.4901D-08  7.4506D-09 -1.1921D-07 -5.9605D-08          ION ALPHA
    1.0650D+05  3.2768D+04 -2.6214D+05 -6.5536D+04          ION BETA
   -5.587935447693D-09-1.154631945610D-14   405504     2439 DELTA-UTC: A0,A1,T,W
                                                            END OF HEADER
 4 26 10  5 22  0  0.0 6.517022848129D-05 0.000000000000D+00 0.000000000000D+00
    4.000000000000D+01-7.900000000000D+01 4.409112228651D-09-6.496121670685D-01
   -4.110857844353D-06 3.986725118011D-03 4.990026354790D-06 5.153654359818D+03
    1.656000000000D+05 5.774199962616D-08 1.312231426975D+00 2.235174179077D-08
    9.727553004200D-01 2.859062500000D+02-2.911727520567D+00-8.209627678231D-09
   -7.750322832055D-11 1.000000000000D+00 2.439000000000D+03 0.000000000000D+00
    2.000000000000D+00 0.000000000000D+00-4.656613000000D-09 5.520000000000D+02
    1.584600000000D+05 4.000000000000D+00
 6 26 10  5 22  0  0.0-5.005872808397D-04 1.284661266254D-11 0.000000000000D+00
    1.230000000000D+02 6.228125000000D+01 3.692296656119D-09-2.363389340744D+00
    3.173947334290D-06 3.871223307215D-03 1.084618270397D-05 5.153774202347D+03
    1.656000000000D+05-3.352761268616D-08-7.925027021643D-01 4.470348358154D-08
    9.849734356858D-01 1.850312500000D+02-5.783582301875D-01-7.657104663430D-09
   -2.239378993409D-10 1.000000000000D+00 2.439000000000D+03 0.000000000000D+00
    2.000000000000D+00 0.000000000000D+00 3.725290298462D-09 1.230000000000D+02
    1.584280000000D+05 4.000000000000D+00
 9 26 10  5 22  0  0.0 6.607999093831D-04-1.000444171950D-11 0.000000000000D+00
    2.900000000000D+01-8.150000000000D+01 4.544832167645D-09 1.672173808180D-01
   -4.377216100693D-06 3.868351341225D-03 4.375353455544D-06 5.153657415390D+03
    1.656000000000D+05-2.793967723846D-08 1.246508443954D+00-3.725290298462D-09
    9.671246428405D-01 2.954687500000D+02 2.073822832508D+00-8.364991292606D-09
   -8.786080261224D-11 1.000000000000D+00 2.439000000000D+03 0.000000000000D+00
    2.000000000000D+00 0.000000000000D+00 4.656613000000D-10 2.900000000000D+01
    1.584600000000D+05 4.000000000000D+00
11 26 10  5 22  0  0.0-1.882133074105D-04 1.182343112305D-11 0.000000000000D+00
    1.000000000000D+02 5.853125000000D+01 4.255177245212D-09-1.181980172001D+00
    2.935528755188D-06 2.735910937190D-03 1.097284257412D-05 5.153688415527D+03
    1.656000000000D+05 1.154839992523D-07-7.785101174884D-01 3.352761268616D-08
    9.618904214313D-01 1.705937500000D+02-2.288786054383D+00-7.933544749698D-09
   -2.614394614315D-10 1.000000000000D+00 2.439000000000D+03 0.000000000000D+00
    2.000000000000D+00 0.000000000000D+00-8.847564458847D-09 8.680000000000D+02
    1.589010000000D+05 4.000000000000D+00
12 26 10  5 22  0  0.0-6.004134193063D-04 1.023181539495D-12 0.000000000000D+00
    3.700000000000D+01 3.953125000000D+01 4.821629411647D-09 2.345084025294D+00
    1.950189471245D-06 8.834181120619D-03 7.493421435356D-06 5.153663152695D+03
    1.656000000000D+05 6.332993507385D-08-2.845112129723D+00-1.285225152969D-07
    9.588390537353D-01 2.283125000000D+02 1.591442565719D+00-8.003904823334D-09
    2.567964108870D-10 1.000000000000D+00 2.439000000000D+03 0.000000000000D+00
    2.000000000000D+00 0.000000000000D+00-1.210719000000D-08 3.700000000000D+01
    1.584600000000D+05 4.000000000000D+00
13 26 10  5 22  0  0.0 4.511969164014D-04 5.002220859751D-12 0.000000000000D+00
    7.900000000000D+01 3.725000000000D+01 4.792699635177D-09 2.263841829436D+00
    1.909211277962D-06 2.439013333060D-03 8.268281817436D-06 5.153785196304D+03
    1.656000000000D+05 1.117587089539D-08-2.953420100659D+00-9.685754776001D-08
    9.594556663911D-01 2.162812500000D+02 1.800983875259D+00-8.077122158844D-09
    3.371569010811D-10 1.000000000000D+00 2.439000000000D+03 0.000000000000D+00
    2.000000000000D+00 0.000000000000D+00-8.381903000000D-09 7.900000000000D+01
    1.584600000000D+05 4.000000000000D+00
19 26 10  5 22  0  0.0 7.049618288875D-04-1.136868377216D-13 0.000000000000D+00
    4.100000000000D+01-2.687500000000D+00 4.950206195958D-09 1.198292027501D+00
   -3.166496753693D-08 1.184466527775D-02 6.658956408501D-06 5.153588151932D+03
    1.656000000000D+05 1.117587089539D-07-1.770112149099D+00 1.695007085800D-07
    9.551256804984D-01 2.465937500000D+02 3.071229704039D+00-8.266058600234D-09
   -6.757424330990D-10 1.000000000000D+00 2.439000000000D+03 0.000000000000D+00
    2.000000000000D+00 0.000000000000D+00-1.536682000000D-08 4.100000000000D+01
    1.584600000000D+05 4.000000000000D+00
21 26 10  5 22  0  0.0 3.460212610662D-04-9.663381206337D-12 0.000000000000D+00
    1.900000000000D+01 6.706250000000D+01 4.472686305338D-09 2.108889324117D+00
    3.490597009659D-06 8.855212945491D-04 4.397705197334D-06 5.153640171051D+03
    1.656000000000D+05-2.607703208923D-08 2.451937949286D-01-5.960464477539D-08
    9.653963104599D-01 2.975312500000D+02-2.395196550350D-01-8.291773957096D-09
    3.089414400796D-10 1.000000000000D+00 2.439000000000D+03 0.000000000000D+00
    2.000000000000D+00 0.000000000000D+00-9.778887033463D-09 5.310000000000D+02
    1.584000000000D+05
22 26 10  5 22  0  0.0 9.728875011206D-05 8.640199666843D-12 0.000000000000D+00
    5.600000000000D+01 3.443750000000D+01 5.087354765889D-09 1.598084278168D-01
    1.767650246620D-06 1.153655443341D-02 7.152557373047D-06 5.153707569122D+03
    1.656000000000D+05-2.607703208923D-08-2.825095893544D+00-1.341104507446D-07
    9.573437481127D-01 2.424062500000D+02-9.611991414367D-01-8.438565785851D-09
    3.100129132822D-10 1.000000000000D+00 2.439000000000D+03 0.000000000000D+00
    2.000000000000D+00 0.000000000000D+00-1.117587089539D-08 5.600000000000D+01
    1.584000000000D+05
26 26 10  5 22  0  0.0-3.942460753024D-04-5.684341886081D-13 0.000000000000D+00
    4.700000000000D+01 4.168750000000D+01 5.612376635157D-09 1.439737972603D+00
    2.332031726837D-06 1.155992050190D-02 8.687376976013D-06 5.153618360519D+03
    1.656000000000D+05-2.626329660416D-07-3.019935702935D+00 2.067536115646D-07
    9.280976589471D-01 1.983750000000D+02 7.406302061981D-01-8.651788953166D-09
    3.210848030423D-10 1.000000000000D+00 2.439000000000D+03 0.000000000000D+00
    2.000000000000D+00 0.000000000000D+00 6.519258022308D-09 4.700000000000D+01
    1.584230000000D+05 4.000000000000D+00
28 26 10  5 22  0  0.0-3.946023061872D-04 1.057287590811D-11 0.000000000000D+00
    1.210000000000D+02-6.003125000000D+01 4.391968657409D-09-2.751535773104D+00
   -3.051012754440D-06 5.003474652767D-04 1.092441380024D-05 5.153678571701D+03
    1.656000000000D+05-5.587935447693D-09 2.295971028775D+00-1.490116119385D-08
    9.623018569006D-01 1.726875000000D+02-2.893866278289D-02-7.868542042074D-09
    1.142904749427D-10 1.000000000000D+00 2.439000000000D+03 0.000000000000D+00
    2.000000000000D+00 0.000000000000D+00-9.313225746155D-09 3.770000000000D+02
    1.584180000000D+05 4.000000000000D+00
29 26 10  5 22  0  0.0-2.300697378814D-04 7.162270776462D-12 0.000000000000D+00
    5.700000000000D+01-1.190625000000D+01 4.822343727116D-09-6.005270932668D-01
   -7.078051567078D-07 3.632868640125D-03 6.584450602531D-06 5.153647020340D+03
    1.656000000000D+05 2.607703208923D-08-1.796503341929D+00-9.313225746155D-08
    9.587223816297D-01 2.514062500000D+02 2.909069347215D+00-8.244271978448D-09
   -4.868059917093D-10 1.000000000000D+00 2.439000000000D+03 0.000000000000D+00
    2.000000000000D+00 0.000000000000D+00-9.778887033463D-09 5.700000000000D+01
    1.584180000000D+05 4.000000000000D+00
31 26 10  5 22  0  0.0-1.150653697550D-04 2.955857780762D-12 0.000000000000D+00
    8.200000000000D+01-6.212500000000D+01 4.512687971568D-09 2.012006731676D+00
   -3.302469849586D-06 1.114933378994D-02 1.114420592785D-05 5.153672760010D+03
    1.656000000000D+05-1.210719347000D-07 2.344425606828D+00-2.700835466385D-07
    9.551361579177D-01 1.643750000000D+02 1.021578352427D+00-7.883899824644D-09
    1.467918287546D-10 1.000000000000D+00 2.439000000000D+03 0.000000000000D+00
    2.000000000000D+00 0.000000000000D+00-1.350417733192D-08 8.200000000000D+01
    1.584250000000D+05 4.000000000000D+00
32 26 10  5 22  0  0.0 3.009517677128D-04 1.784883352229D-11 0.000000000000D+00
    2.600000000000D+01-7.106250000000D+01 4.525188492264D-09 2.868982392861D-01
   -3.857538104057D-06 9.611718356609D-03 4.315748810768D-06 5.153607542038D+03
    1.656000000000D+05-1.583248376846D-07 1.264240280888D+00 4.842877388000D-08
    9.700415361808D-01 3.027187500000D+02-1.973179874976D+00-8.400349908292D-09
   -7.928901699153D-11 1.000000000000D+00 2.439000000000D+03 0.000000000000D+00
    2.000000000000D+00 0.000000000000D+00 9.313225746155D-10 2.600000000000D+01
    1.584220000000D+05 4.000000000000D+00
16 26 10  5 23 59 44.0 3.456790000200D-04 6.480149750132D-12 0.000000000000D+00
    0.000000000000D+00 4.031250000000D+01 4.979135972428D-09 1.667383067460D+00
    2.022832632065D-06 1.531363697723D-02 7.878988981247D-06 5.153746917725D+03
    1.727840000000D+05-4.377216100693D-07-2.828553134694D+00-1.024454832077D-07
    9.578630635499D-01 2.305312500000D+02 9.491255512546D-01-8.277130489994D-09
    3.743013054375D-10 1.000000000000D+00 2.439000000000D+03 0.000000000000D+00
    2.000000000000D+00 0.000000000000D+00-1.071020960808D-08 0.000000000000D+00
    1.719180000000D+05 4.000000000000D+00
24 26 10  5 23 59 44.0 2.380609512329D-04 1.637090463191D-11 0.000000000000D+00
    1.000000000000D+01-7.203125000000D+01 5.039138471773D-09-1.168978730416D+00
   -3.363937139511D-06 1.892337098252D-02 1.114420592785D-05 5.153725688934D+03
    1.727840000000D+05 1.583248376846D-07 2.206832526313D+00 4.731118679047D-07
    9.355455972522D-01 1.499375000000D+02 1.189011668731D+00-8.311774790211D-09
    9.678974596714D-11 1.000000000000D+00 2.439000000000D+03 0.000000000000D+00
    2.000000000000D+00 0.000000000000D+00 2.328306436539D-09 1.000000000000D+01
    1.656180000000D+05 4.000000000000D+00
27 26 10  5 23 59 44.0 3.469176590443D-07 0.000000000000D+00 0.000000000000D+00
    3.900000000000D+01-8.875000000000D+00 5.283791519697D-09 7.809662062629D-01
   -2.291053533554D-07 1.450219843537D-02 6.008893251419D-06 5.153670005798D+03
    1.727840000000D+05-1.341104507446D-07-1.888021614193D+00 1.005828380585D-07
    9.495942394859D-01 2.592812500000D+02 9.049754414139D-01-8.669646839876D-09
   -5.139499795082D-10 1.000000000000D+00 2.439000000000D+03 0.000000000000D+00
    2.000000000000D+00 0.000000000000D+00 2.328306436539D-09 3.900000000000D+01
    1.656240000000D+05 4.000000000000D+00
31 26 10  5 23 59 44.0-1.150448806584D-04 2.955857780762D-12 0.000000000000D+00
    2.200000000000D+01-7.025000000000D+01 4.476257882680D-09 3.059897683124D+00
   -3.742054104805D-06 1.115038595162D-02 1.121498644352D-05 5.153670635223D+03
    1.727840000000D+05 5.774199962616D-08 2.344369874038D+00-1.750886440277D-07
    9.551377247029D-01 1.610937500000D+02 1.021535221214D+00-7.746394096979D-09
    1.325055193867D-10 1.000000000000D+00 2.439000000000D+03 0.000000000000D+00
    2.000000000000D+00 0.000000000000D+00-1.350417733192D-08 2.200000000000D+01
    1.672680000000D+05 4.000000000000D+00
 1 26 10  6  0  0  0.0 1.562554389238D-04-8.640199666843D-12 0.000000000000D+00
    2.400000000000D+01 3.215625000000D+01 4.340895101419D-09-4.429415870265D-01
    1.562759280205D-06 2.033692784607D-03 1.008622348309D-05 5.153750072479D+03
    1.728000000000D+05 6.705522537231D-08-7.491771909686D-01 1.490116119385D-08
    9.563209284567D-01 1.851562500000D+02 1.584965648067D-01-8.001761876929D-09
   -3.025126008641D-10 1.000000000000D+00 2.439000000000D+03 0.000000000000D+00
    2.000000000000D+00 0.000000000000D+00-8.847564458847D-09 7.920000000000D+02
    1.656180000000D+05 4.000000000000D+00
 2 26 10  6  0  0  0.0 1.886398531497D-04 6.821210263297D-12 0.000000000000D+00
    8.800000000000D+01 1.343750000000D+01 4.428041588563D-09 8.381144412534D-01
    3.594905138016D-07 1.712557126302D-02 9.691342711449D-06 5.153703195572D+03
    1.728000000000D+05 2.849847078323D-07-9.107574247024D-01-2.384185791016D-07
    9.609476819110D-01 1.903750000000D+02-7.000176546365D-01-8.119981086948D-09
   -3.968022426918D-10 1.000000000000D+00 2.439000000000D+03 0.000000000000D+00
    2.000000000000D+00 0.000000000000D+00-1.769512891769D-08 8.800000000000D+01
    1.656180000000D+05 4.000000000000D+00
 3 26 10  6  0  0  0.0 2.292911522090D-04-2.080469130306D-11 0.000000000000D+00
    3.600000000000D+01 6.362500000000D+01 3.656580882700D-09-2.672285101755D+00
    3.430992364883D-06 6.872990983538D-03 5.479902029037D-06 5.153728202820D+03
    1.728000000000D+05 6.332993507385D-08 2.453989209129D-01 0.000000000000D+00
    9.960130748682D-01 2.924687500000D+02 1.300224892569D+00-7.730679156674D-09
    2.700112470522D-10 1.000000000000D+00 2.439000000000D+03 0.000000000000D+00
    2.000000000000D+00 0.000000000000D+00 1.396983861923D-09 3.600000000000D+01
    1.656180000000D+05 4.000000000000D+00
 4 26 10  6  0  0  0.0 6.517022848129D-05 0.000000000000D+00 0.000000000000D+00
    4.100000000000D+01-7.284375000000D+01 4.321608583773D-09 4.005870130970D-01
   -3.790482878685D-06 3.988734562881D-03 4.459172487259D-06 5.153658147812D+03
    1.728000000000D+05 3.166496753693D-08 1.312172260716D+00 5.960464477539D-08
    9.727546508843D-01 2.991875000000D+02-2.911735980622D+00-8.222842514396D-09
   -8.643217167545D-11 1.000000000000D+00 2.439000000000D+03 0.000000000000D+00
    2.000000000000D+00 0.000000000000D+00-4.656612873077D-09 5.530000000000D+02
    1.656260000000D+05 4.000000000000D+00
 5 26 10  6  0  0  0.0-2.372292801738D-04-2.273736754432D-13 0.000000000000D+00
    4.600000000000D+01 7.159375000000D+01 4.133386457851D-09 9.219312690636D-01
    3.650784492493D-06 5.287727806717D-03 5.386769771576D-06 5.153573062897D+03
    1.728000000000D+05-1.676380634308D-08 1.828140449273D-01-1.154839992523D-07
    9.823351814262D-01 2.911875000000D+02 1.512717156570D+00-8.168911696533D-09
    2.346526313668D-10 1.000000000000D+00 2.439000000000D+03 0.000000000000D+00
    2.000000000000D+00 0.000000000000D+00-1.024454832077D-08 4.600000000000D+01
    1.660060000000D+05 4.000000000000D+00
 6 26 10  6  0  0  0.0-5.004950799050D-04 1.284661266250D-11 0.000000000000D+00
    1.240000000000D+02 4.681250000000D+01 3.776943039120D-09-1.313817151180D+00
    2.436339855190D-06 3.871203167360D-03 1.053325831890D-05 5.153770401000D+03
    1.728000000000D+05-4.284083843230D-08-7.925580385040D-01 5.587935447690D-09
    9.849717811250D-01 1.917500000000D+02-5.778161502820D-01-7.681391389360D-09
   -2.153661137200D-10 1.000000000000D+00 2.439000000000D+03 0.000000000000D+00
    2.000000000000D+00 0.000000000000D+00 3.725290298460D-09 1.240000000000D+02
    1.656180000000D+05 4.000000000000D+00
 7 26 10  6  0  0  0.0-2.304133959115D-04-3.183231456205D-12 0.000000000000D+00
    1.030000000000D+02-4.668750000000D+01 4.464828835185D-09-2.148105336044D+00
   -2.587214112282D-06 2.097105502617D-02 1.076236367226D-05 5.153761356354D+03
    1.728000000000D+05 2.607703208923D-07 2.319225239555D+00-6.705522537231D-08
    9.514400207816D-01 1.577187500000D+02-1.946181328298D+00-7.622103205479D-09
    2.996553389905D-10 1.000000000000D+00 2.439000000000D+03 0.000000000000D+00
    2.000000000000D+00 0.000000000000D+00-1.071020960808D-08 1.030000000000D+02
    1.656280000000D+05 4.000000000000D+00
 8 26 10  6  0  0  0.0 3.266846761107D-04-1.102762325900D-11 0.000000000000D+00
    8.200000000000D+01-7.343750000000D+00 5.463441859997D-09 5.798799882948D-01
   -1.396983861923D-07 1.193854177836D-02 5.539506673813D-06 5.153778539658D+03
    1.728000000000D+05-2.048909664154D-08-1.921923599604D+00 1.359730958939D-07
    9.405106388089D-01 2.589687500000D+02 5.547204832490D-01-8.713220083448D-09
   -4.678766317969D-10 1.000000000000D+00 2.439000000000D+03 0.000000000000D+00
    2.000000000000D+00 0.000000000000D+00 4.656612873077D-09 8.200000000000D+01
    1.656290000000D+05 4.000000000000D+00
 9 26 10  6  0  0  0.0 6.607277318835D-04-1.000444171950D-11 0.000000000000D+00
    3.000000000000D+01-7.450000000000D+01 4.473400620806D-09 1.217344405475D+00
   -3.932043910027D-06 3.867826540954D-03 4.243105649948D-06 5.153656953812D+03
    1.728000000000D+05 4.284083843231D-08 1.246448310707D+00-6.519258022308D-08
    9.671244585128D-01 2.995000000000D+02 2.073887531523D+00-8.276416174526D-09
   -6.893144269984D-11 1.000000000000D+00 2.439000000000D+03 0.000000000000D+00
    2.000000000000D+00 0.000000000000D+00 4.656612873077D-10 3.000000000000D+01
    1.656190000000D+05 4.000000000000D+00
10 26 10  6  0  0  0.0-5.178921855986D-04 8.526512829121D-12 0.000000000000D+00
    9.000000000000D+01 7.109375000000D+01 3.679081819954D-09 2.730690531970D+00
    3.561377525330D-06 1.151447580196D-02 5.733221769333D-06 5.153651062012D+03
    1.728000000000D+05-1.862645149231D-08 2.428870174249D-01-1.303851604462D-07
    9.955033210635D-01 2.855625000000D+02-2.258348569123D+00-7.696392014191D-09
    3.214419607765D-10 1.000000000000D+00 2.439000000000D+03 0.000000000000D+00
    2.000000000000D+00 0.000000000000D+00 2.328306436539D-09 9.000000000000D+01
    1.656180000000D+05 4.000000000000D+00
11 26 10  6  0  0  0.0-1.881280913949D-04 1.182343112305D-11 0.000000000000D+00
    1.010000000000D+02 5.721875000000D+01 4.279106813403D-09-1.314929549694D-01
    2.926215529442D-06 2.736541093327D-03 1.047179102898D-05 5.153690349579D+03
    1.728000000000D+05 3.539025783539D-08-7.785675384859D-01 5.215406417847D-08
    9.618882504608D-01 1.792812500000D+02-2.289104136661D+00-7.994618722245D-09
   -2.657253542419D-10 1.000000000000D+00 2.439000000000D+03 0.000000000000D+00
    2.000000000000D+00 0.000000000000D+00-8.847564000000D-09 8.690000000000D+02
    1.656600000000D+05 4.000000000000D+00
12 26 10  6  0  0  0.0-6.004064343870D-04 1.023181539495D-12 0.000000000000D+00
    3.800000000000D+01 3.868750000000D+01 4.937348517527D-09-2.887902403081D+00
    2.041459083557D-06 8.835106389597D-03 7.357448339462D-06 5.153661457062D+03
    1.728000000000D+05 1.806765794754D-07-2.845170810293D+00 5.215406417847D-08
    9.588413329616D-01 2.353750000000D+02 1.591434462616D+00-8.044977962767D-09
    4.228747572882D-10 1.000000000000D+00 2.439000000000D+03 0.000000000000D+00
    2.000000000000D+00 0.000000000000D+00-1.210719347000D-08 3.800000000000D+01
    1.656180000000D+05 4.000000000000D+00
13 26 10  6  0  0  0.0 4.512327723205D-04 5.002220859751D-12 0.000000000000D+00
    8.000000000000D+01 3.681250000000D+01 4.881274753258D-09-2.969124760307D+00
    1.942738890648D-06 2.439936157316D-03 8.104369044304D-06 5.153783401489D+03
    1.728000000000D+05 7.264316082001D-08-2.953478980186D+00 3.539025783539D-08
    9.594584825084D-01 2.231562500000D+02 1.800881020414D+00-8.097837307428D-09
    4.553761111000D-10 1.000000000000D+00 2.439000000000D+03 0.000000000000D+00
    2.000000000000D+00 0.000000000000D+00-8.381903171539D-09 8.000000000000D+01
    1.656180000000D+05 4.000000000000D+00
14 26 10  6  0  0  0.0 7.488531991839D-04-5.684341886081D-13 0.000000000000D+00
    1.300000000000D+01 4.353125000000D+01 5.220931758478D-09-2.988363721778D+00
    2.235174179077D-06 7.549043046311D-03 7.536262273788D-06 5.153652944565D+03
    1.728000000000D+05-7.823109626770D-08-2.903264071345D+00-1.117587089539D-07
    9.421901945749D-01 2.263437500000D+02-2.672118612900D+00-8.246057767119D-09
    3.703725703613D-10 1.000000000000D+00 2.439000000000D+03 0.000000000000D+00
    2.000000000000D+00 0.000000000000D+00-7.916241884232D-09 1.300000000000D+01
    1.659800000000D+05 4.000000000000D+00
15 26 10  6  0  0  0.0 4.500690847635D-04 2.955857780762D-12 0.000000000000D+00
    1.800000000000D+01-6.131250000000D+01 5.147357265234D-09-4.492495932317D-01
   -3.114342689514D-06 1.707063056529D-02 3.436580300331D-06 5.153570850372D+03
    1.728000000000D+05-2.197921276093D-07 1.097170239327D+00 1.750886440277D-07
    9.453669241099D-01 3.079062500000D+02 1.568585706897D+00-8.931443459041D-09
    5.321650239522D-11 1.000000000000D+00 2.439000000000D+03 0.000000000000D+00
    2.000000000000D+00 0.000000000000D+00-1.071020960808D-08 1.800000000000D+01
    1.656180000000D+05 4.000000000000D+00
16 26 10  6  0  0  0.0 3.456762060523D-04 6.480149750132D-12 0.000000000000D+00
    9.600000000000D+01 4.031250000000D+01 4.979135972428D-09 1.669716939670D+00
    2.020969986916D-06 1.531364105176D-02 7.878988981247D-06 5.153746917725D+03
    1.728000000000D+05-4.358589649200D-07-2.828553278060D+00-1.024454832077D-07
    9.578630591612D-01 2.305312500000D+02 9.491253479090D-01-8.277487647728D-09
    3.743013054375D-10 1.000000000000D+00 2.439000000000D+03 0.000000000000D+00
    2.000000000000D+00 0.000000000000D+00-1.071020960808D-08 9.600000000000D+01
    1.656180000000D+05 4.000000000000D+00
17 26 10  6  0  0  0.0-2.082320861518D-04-3.637978807092D-12 0.000000000000D+00
    4.300000000000D+01-1.146875000000D+01 4.990565019922D-09 6.097548659834D-01
   -8.083879947662D-07 1.266483461950D-02 6.789341568947D-06 5.153714179993D+03
    1.728000000000D+05-5.960464477539D-08-1.813900065293D+00-1.676380634308D-07
    9.560147060556D-01 2.496250000000D+02-1.073478326384D+00-8.448566202408D-09
   -4.468043254793D-10 1.000000000000D+00 2.439000000000D+03 0.000000000000D+00
    2.000000000000D+00 0.000000000000D+00-1.071020960808D-08 4.300000000000D+01
    1.725260000000D+05 4.000000000000D+00
18 26 10  6  0  0  0.0-2.402318641543D-04 8.753886504564D-12 0.000000000000D+00
    7.500000000000D+01 4.109375000000D+01 3.985523155894D-09-1.338804897935D+00
    2.022832632065D-06 6.575193139724D-03 1.118704676628D-05 5.153609869003D+03
    1.728000000000D+05 4.842877388000D-08-8.006752749962D-01-1.583248376846D-07
    9.699396805095D-01 1.691875000000D+02-2.811450807502D+00-7.745322623776D-09
   -2.557249376844D-10 1.000000000000D+00 2.439000000000D+03 0.000000000000D+00
    2.000000000000D+00 0.000000000000D+00-8.381903171539D-09 3.310000000000D+02
    1.656180000000D+05 4.000000000000D+00
19 26 10  6  0  0  0.0 7.049608975649D-04-1.136868377216D-13 0.000000000000D+00
    5.600000000000D+01-3.718750000000D+00 4.940205779400D-09 2.248473080649D+00
   -1.061707735062D-07 1.184454758186D-02 7.079914212227D-06 5.153589406967D+03
    1.728000000000D+05-1.043081283569D-07-1.770172313068D+00 2.942979335785D-07
    9.551212463937D-01 2.421250000000D+02 3.071285074025D+00-8.201055892610D-09
   -5.264505002050D-10 1.000000000000D+00 2.439000000000D+03 0.000000000000D+00
    2.000000000000D+00 0.000000000000D+00-1.536682248116D-08 5.600000000000D+01
    1.711680000000D+05 4.000000000000D+00
20 26 10  6  0  0  0.0 3.000223077834D-04 7.275957614183D-12 0.000000000000D+00
    1.030000000000D+02-8.531250000000D+01 4.605191824724D-09-3.093448913444D+00
   -4.468485713005D-06 1.851916546002D-03 4.263594746590D-06 5.153636543274D+03
    1.728000000000D+05 2.980232238770D-08 1.250954288570D+00 2.235174179077D-08
    9.624788948578D-01 2.968437500000D+02-1.665255770987D+00-8.337847304808D-09
   -1.246480492344D-10 1.000000000000D+00 2.439000000000D+03 0.000000000000D+00
    2.000000000000D+00 0.000000000000D+00-6.519258022308D-09 1.030000000000D+02
    1.699100000000D+05 4.000000000000D+00
21 26 10  6  0  0  0.0 3.459514118731D-04-9.663381206337D-12 0.000000000000D+00
    2.000000000000D+01 6.634375000000D+01 4.485186826034D-09-3.124065496450D+00
    3.470107913017D-06 8.854029001668D-04 4.380941390991D-06 5.153640329361D+03
    1.728000000000D+05 2.421438694000D-08 2.451341517585D-01-2.980232238770D-08
    9.653982883252D-01 2.987812500000D+02-2.395490392076D-01-8.324632468642D-09
    2.771544017362D-10 1.000000000000D+00 2.439000000000D+03 0.000000000000D+00
    2.000000000000D+00 0.000000000000D+00-9.778887033463D-09 5.320000000000D+02
    1.656230000000D+05 4.000000000000D+00
22 26 10  6  0  0  0.0 9.735114872456D-05 8.640199666843D-12 0.000000000000D+00
    7.900000000000D+01 3.596875000000D+01 5.008065748897D-09 1.209972291677D+00
    1.784414052963D-06 1.153642451391D-02 6.986781954765D-06 5.153707391739D+03
    1.728000000000D+05 2.160668373108D-07-2.825156244766D+00-1.862645149231D-07
    9.573470060312D-01 2.423750000000D+02-9.611986338041D-01-8.217127990649D-09
    3.271564845236D-10 1.000000000000D+00 2.439000000000D+03 0.000000000000D+00
    2.000000000000D+00 0.000000000000D+00-1.117587089539D-08 7.900000000000D+01
    1.690780000000D+05 4.000000000000D+00
23 26 10  6  0  0  0.0 6.954604759812D-04 3.410605131648D-12 0.000000000000D+00
    2.500000000000D+01 7.509375000000D+01 3.771942830845D-09-2.587859992608D+00
    3.853812813759D-06 6.786964833736D-03 5.880370736122D-06 5.153598897934D+03
    1.728000000000D+05-6.519258022308D-08 2.097661658999D-01-1.024454832077D-07
    9.904039719237D-01 2.815000000000D+02-2.708970838869D+00-7.853898574972D-09
    3.778728827795D-10 1.000000000000D+00 2.439000000000D+03 0.000000000000D+00
    2.000000000000D+00 0.000000000000D+00-8.381903171539D-09 5.370000000000D+02
    1.656180000000D+05 4.000000000000D+00
25 26 10  6  0  0  0.0 3.821421414614D-04-3.524291969370D-12 0.000000000000D+00
    5.700000000000D+01 3.659375000000D+01 5.080925926673D-09-2.678067175745D+00
    1.784414052963D-06 1.167842536233D-02 8.143484592438D-06 5.153776487350D+03
    1.728000000000D+05 2.067536115646D-07-2.941430663377D+00-1.750886440277D-07
    9.473047565998D-01 2.128750000000D+02 9.827787177069D-01-8.109980670390D-09
    4.993065124061D-10 1.000000000000D+00 2.439000000000D+03 0.000000000000D+00
    2.000000000000D+00 0.000000000000D+00 5.587935447693D-09 5.700000000000D+01
    1.656180000000D+05 4.000000000000D+00
26 26 10  6  0  0  0.0-3.942498005927D-04-5.684341886081D-13 0.000000000000D+00
    5.000000000000D+01 4.125000000000D+01 5.435940714464D-09 2.489981439687D+00
    2.095475792885D-06 1.156030502170D-02 8.765608072281D-06 5.153617643356D+03
    1.728000000000D+05-8.009374141693D-08-3.019997694089D+00-2.179294824600D-07
    9.281022188627D-01 1.939062500000D+02 7.406093362087D-01-8.234628719625D-09
    4.607334771129D-10 1.000000000000D+00 2.439000000000D+03 0.000000000000D+00
    2.000000000000D+00 0.000000000000D+00 6.519258022308D-09 5.000000000000D+01
    1.663860000000D+05 4.000000000000D+00
28 26 10  6  0  0  0.0-3.945259377360D-04 1.057287590811D-11 0.000000000000D+00
    1.220000000000D+02-7.078125000000D+01 4.362324565471D-09-1.703372215650D+00
   -3.891065716743D-06 5.013839108869D-04 1.087971031666D-05 5.153675878525D+03
    1.728000000000D+05 1.490116119385D-08 2.295914293886D+00-1.117587089539D-08
    9.623026849123D-01 1.717500000000D+02-2.692417338561D-02-7.875685196758D-09
    1.260766801712D-10 1.000000000000D+00 2.439000000000D+03 0.000000000000D+00
    2.000000000000D+00 0.000000000000D+00-9.313225746155D-09 3.780000000000D+02
    1.656180000000D+05 4.000000000000D+00
29 26 10  6  0  0  0.0-2.300185151398D-04 7.162270776462D-12 0.000000000000D+00
    5.900000000000D+01-9.031250000000D+00 4.890918012081D-09 4.496505249492D-01
   -6.332993507385D-07 3.632287378423D-03 6.606802344322D-06 5.153645908356D+03
    1.728000000000D+05 4.470348358154D-08-1.796562736403D+00-4.284083843231D-08
    9.587187023907D-01 2.483125000000D+02 2.909091718158D+00-8.267844388905D-09
   -5.043067206849D-10 1.000000000000D+00 2.439000000000D+03 0.000000000000D+00
    2.000000000000D+00 0.000000000000D+00-9.778887033463D-09 5.900000000000D+01
    1.656180000000D+05 4.000000000000D+00
30 26 10  6  0  0  0.0 3.852304071188D-04 1.159605744760D-11 0.000000000000D+00
    1.000000000000D+01-5.703125000000D+01 4.814129099229D-09-2.387881689314D+00
   -3.261491656303D-06 8.183625177480D-03 1.144781708717D-05 5.153646701813D+03
    1.728000000000D+05 4.656612873077D-08 2.307028973451D+00-6.332993507385D-08
    9.367595237485D-01 1.432187500000D+02-2.258613509439D+00-8.012119451221D-09
    2.407243128482D-10 1.000000000000D+00 2.439000000000D+03 0.000000000000D+00
    2.000000000000D+00 0.000000000000D+00 3.725290298462D-09 1.000000000000D+01
    1.656250000000D+05 4.000000000000D+00
32 26 10  6  0  0  0.0 3.010802902281D-04 1.784883352229D-11 0.000000000000D+00
    3.800000000000D+01-7.593750000000D+01 4.479472302287D-09 1.337083950365D+00
   -3.995373845100D-06 9.611389948986D-03 3.945082426071D-06 5.153607595444D+03
    1.728000000000D+05-1.434236764908D-07 1.264179919425D+00-7.078051567078D-08
    9.700407081691D-01 3.079062500000D+02-1.973143808194D+00-8.388206545329D-09
   -1.207193141583D-10 1.000000000000D+00 2.439000000000D+03 0.000000000000D+00
    2.000000000000D+00 0.000000000000D+00 9.313225746155D-10 3.800000000000D+01
    1.656180000000D+05 4.000000000000D+00
16 26 10  6  1 59 28.0 3.457246348262D-04 6.480149750132D-12 0.000000000000D+00
    9.700000000000D+01 4.175000000000D+01 4.821272253913D-09 2.715232138489D+00
    2.017244696617D-06 1.531400869135D-02 7.914379239082D-06 5.153745504379D+03
    1.799680000000D+05-5.587935447693D-09-2.828611069176D+00-2.272427082062D-07
    9.578677756091D-01 2.251250000000D+02 9.490823073962D-01-7.868542042074D-09
    4.057311860468D-10 1.000000000000D+00 2.439000000000D+03 0.000000000000D+00
    2.000000000000D+00 0.000000000000D+00-1.071020960808D-08 9.700000000000D+01
    1.766760000000D+05 4.000000000000D+00
16 26 10  6  1 59 44.0 3.457255661488D-04 6.480149750132D-12 0.000000000000D+00
    1.600000000000D+01 4.175000000000D+01 4.821272253913D-09 2.717565763465D+00
    2.017244696617D-06 1.531400601380D-02 7.914379239082D-06 5.153745504379D+03
    1.799840000000D+05-5.587935447693D-09-2.828611193524D+00-2.272427082062D-07
    9.578677799978D-01 2.251250000000D+02 9.490823249512D-01-7.868542042074D-09
    4.057311860468D-10 1.000000000000D+00 2.439000000000D+03 0.000000000000D+00
    2.000000000000D+00 0.000000000000D+00-1.071020960808D-08 1.600000000000D+01
    1.728180000000D+05 4.000000000000D+00
 1 26 10  6  2  0  0.0 1.561930403113D-04-8.640199666843D-12 0.000000000000D+00
    2.500000000000D+01 2.631250000000D+01 4.511616498365D-09 6.072572493533D-01
    1.419335603714D-06 2.031871466897D-03 1.035444438457D-05 5.153746625900D+03
    1.800000000000D+05 1.490116119385D-08-7.492350406011D-01 9.313225746155D-09
    9.563185570665D-01 1.734062500000D+02 1.584324129231D-01-8.046763751438D-09
   -3.007268121931D-10 1.000000000000D+00 2.439000000000D+03 0.000000000000D+00
    2.000000000000D+00 0.000000000000D+00-8.847564458847D-09 7.930000000000D+02
    1.728180000000D+05 4.000000000000D+00
 2 26 10  6  2  0  0.0 1.886887475848D-04 6.821210263297D-12 0.000000000000D+00
    9.400000000000D+01 1.725000000000D+01 4.389111395536D-09 1.888253631537D+00
    1.141801476479D-06 1.712482317816D-02 1.004524528980D-05 5.153703687668D+03
    1.800000000000D+05 1.769512891769D-07-9.108132043059D-01 1.415610313416D-07
    9.609453046691D-01 1.787187500000D+02-6.999946502498D-01-7.798896283906D-09
   -5.814527912712D-10 1.000000000000D+00 2.439000000000D+03 0.000000000000D+00
    2.000000000000D+00 0.000000000000D+00-1.769512891769D-08 9.400000000000D+01
    1.728180000000D+05 4.000000000000D+00
 3 26 10  6  2  0  0.0 2.291412092745D-04-2.080469130306D-11 0.000000000000D+00
    3.800000000000D+01 6.875000000000D+01 3.763013887490D-09-1.622243960630D+00
    3.578141331673D-06 6.873053614981D-03 5.723908543587D-06 5.153727058411D+03
    1.800000000000D+05 1.173466444016D-07 2.453435114278D-01 1.620501279831D-07
    9.960144778066D-01 2.882500000000D+02 1.300325098068D+00-7.839612265604D-09
    2.032227507576D-10 1.000000000000D+00 2.439000000000D+03 0.000000000000D+00
    2.000000000000D+00 0.000000000000D+00 1.396983861923D-09 3.800000000000D+01
    1.728180000000D+05 4.000000000000D+00
 4 26 10  6  2  0  0.0 6.517069414258D-05 0.000000000000D+00 0.000000000000D+00
    4.200000000000D+01-7.550000000000D+01 4.361967407737D-09 1.451036931570D+00
   -3.846362233162D-06 3.988326760009D-03 4.127621650696D-06 5.153656116486D+03
    1.800000000000D+05-7.078051567078D-08 1.312113691328D+00 5.587935447693D-09
    9.727538550569D-01 3.076875000000D+02-2.911996810138D+00-8.181412217230D-09
   -1.742929742877D-10 1.000000000000D+00 2.439000000000D+03 0.000000000000D+00
    2.000000000000D+00 0.000000000000D+00-4.656612873077D-09 5.540000000000D+02
    1.728180000000D+05 4.000000000000D+00
 5 26 10  6  2  0  0.0-2.372311428189D-04-2.273736754432D-13 0.000000000000D+00
    4.700000000000D+01 6.896875000000D+01 4.108028258723D-09 1.972178700656D+00
    3.451481461525D-06 5.287915701047D-03 5.232170224190D-06 5.153573022842D+03
    1.800000000000D+05 1.564621925354D-07 1.827555823321D-01-1.098960638046D-07
    9.823375367243D-01 2.900937500000D+02 1.512709135390D+00-8.023548498715D-09
    2.346526313668D-10 1.000000000000D+00 2.439000000000D+03 0.000000000000D+00
    2.000000000000D+00 0.000000000000D+00-1.024454832077D-08 4.700000000000D+01
    1.728300000000D+05 4.000000000000D+00
 6 26 10  6  2  0  0.0-5.004024133086D-04 1.284661266254D-11 0.000000000000D+00
    1.250000000000D+02 3.465625000000D+01 3.772299988579D-09-2.636697231995D-01
    1.812353730202D-06 3.872314468026D-03 1.065433025360D-05 5.153772039413D+03
    1.800000000000D+05 1.676380634308D-08-7.926130266683D-01-6.332993507385D-08
    9.849699334599D-01 1.901250000000D+02-5.778469417817D-01-7.702106537939D-09
   -2.875119760278D-10 1.000000000000D+00 2.439000000000D+03 0.000000000000D+00
    2.000000000000D+00 0.000000000000D+00 3.725290298462D-09 1.250000000000D+02
    1.728180000000D+05 4.000000000000D+00
 7 26 10  6  2  0  0.0-2.304357476532D-04-3.183231456205D-12 0.000000000000D+00
    1.040000000000D+02-4.884375000000D+01 4.573404786381D-09-1.097917464235D+00
   -2.168118953705D-06 2.097150206100D-02 1.065433025360D-05 5.153763681412D+03
    1.800000000000D+05 6.891787052155D-08 2.319170138745D+00 5.085021257401D-07
    9.514391766778D-01 1.698750000000D+02-1.946242867410D+00-8.179983586293D-09
    1.039329006511D-10 1.000000000000D+00 2.439000000000D+03 0.000000000000D+00
    2.000000000000D+00 0.000000000000D+00-1.071020960808D-08 1.040000000000D+02
    1.728310000000D+05 4.000000000000D+00
 8 26 10  6  2  0  0.0 3.266050480306D-04-1.102762325900D-11 0.000000000000D+00
    1.750000000000D+02-8.093750000000D+00 5.528087409887D-09 1.630013322518D+00
   -2.644956111908D-07 1.193840673659D-02 5.828216671944D-06 5.153778232574D+03
    1.800000000000D+05-1.899898052216D-07-1.921986673317D+00 1.769512891769D-07
    9.405074628138D-01 2.602500000000D+02 5.547114965432D-01-8.660360738787D-09
   -3.853731951976D-10 1.000000000000D+00 2.439000000000D+03 0.000000000000D+00
    2.000000000000D+00 0.000000000000D+00 4.656612873077D-09 1.750000000000D+02
    1.728190000000D+05 4.000000000000D+00
 9 26 10  6  2  0  0.0 6.606555543840D-04-1.000444171950D-11 0.000000000000D+00
    3.100000000000D+01-6.681250000000D+01 4.430184534968D-09 2.267192972453D+00
   -3.376975655556D-06 3.867977065966D-03 3.874301910400D-06 5.153659357071D+03
    1.800000000000D+05 1.117587089539D-08 1.246389372663D+00 2.980232238770D-08
    9.671240810799D-01 3.069375000000D+02 2.074228155906D+00-8.198198630737D-09
   -1.171477368163D-10 1.000000000000D+00 2.439000000000D+03 0.000000000000D+00
    2.000000000000D+00 0.000000000000D+00 4.656612873077D-10 3.100000000000D+01
    1.728200000000D+05 4.000000000000D+00
10 26 10  6  2  0  0.0-5.178307183087D-04 8.526512829121D-12 0.000000000000D+00
    9.100000000000D+01 6.981250000000D+01 3.734798426488D-09-2.502347933864D+00
    3.555789589882D-06 1.151500432752D-02 5.431473255157D-06 5.153649986267D+03
    1.800000000000D+05 4.470348358154D-08 2.428312363586D-01-1.303851604462D-07
    9.955056778245D-01 2.930625000000D+02-2.258306621410D+00-7.727107579332D-09
    3.646580466142D-10 1.000000000000D+00 2.439000000000D+03 0.000000000000D+00
    2.000000000000D+00 0.000000000000D+00 2.328306436539D-09 9.100000000000D+01
    1.728180000000D+05 4.000000000000D+00
11 26 10  6  2  0  0.0-1.880428753793D-04 1.182343112305D-11 0.000000000000D+00
    1.020000000000D+02 4.440625000000D+01 4.350181202508D-09 9.188201996808D-01
    2.363696694374D-06 2.734623732977D-03 1.015327870846D-05 5.153686717987D+03
    1.800000000000D+05-2.235174179077D-08-7.786247810075D-01 3.539025783539D-08
    9.618862243193D-01 1.868750000000D+02-2.289246550273D+00-7.972832100459D-09
   -3.057270204718D-10 1.000000000000D+00 2.439000000000D+03 0.000000000000D+00
    2.000000000000D+00 0.000000000000D+00-8.847564458847D-09 8.700000000000D+02
    1.728180000000D+05 4.000000000000D+00
12 26 10  6  2  0  0.0-6.003989838064D-04 1.023181539495D-12 0.000000000000D+00
    4.500000000000D+01 4.303125000000D+01 4.937348517527D-09-1.837742350123D+00
    2.486631274223D-06 8.835686254315D-03 7.303431630135D-06 5.153660306931D+03
    1.800000000000D+05 1.229345798492D-07-2.845228643833D+00 1.862645149231D-07
    9.588442178361D-01 2.383750000000D+02 1.591466313269D+00-8.108909197188D-09
    4.153744448700D-10 1.000000000000D+00 2.439000000000D+03 0.000000000000D+00
    2.000000000000D+00 0.000000000000D+00-1.210719347000D-08 4.500000000000D+01
    1.728180000000D+05 4.000000000000D+00
13 26 10  6  2  0  0.0 4.512681625783D-04 5.002220859751D-12 0.000000000000D+00
    8.100000000000D+01 4.021875000000D+01 4.872345809903D-09-1.919064769482D+00
    2.223998308182D-06 2.440346055664D-03 8.113682270050D-06 5.153782638550D+03
    1.800000000000D+05 3.166496753693D-08-2.953537271620D+00 6.705522537231D-08
    9.594617214090D-01 2.246250000000D+02 1.800937881114D+00-8.116766667340D-09
    4.578762152394D-10 1.000000000000D+00 2.439000000000D+03 0.000000000000D+00
    2.000000000000D+00 0.000000000000D+00-8.381903171539D-09 8.100000000000D+01
    1.728420000000D+05 4.000000000000D+00
14 26 10  6  2  0  0.0 7.488490082324D-04-5.684341886081D-13 0.000000000000D+00
    1.400000000000D+01 4.837500000000D+01 5.193430612945D-09-1.938096837764D+00
    2.350658178329D-06 7.548356545158D-03 7.595866918564D-06 5.153654560089D+03
    1.800000000000D+05 9.872019290924D-08-2.903324510342D+00-5.774199962616D-08
    9.421931189481D-01 2.225937500000D+02-2.672186992617D+00-8.320703733566D-09
    5.043067206849D-10 1.000000000000D+00 2.439000000000D+03 0.000000000000D+00
    2.828427076340D+00 0.000000000000D+00-7.916241884232D-09 1.400000000000D+01
    1.728210000000D+05 4.000000000000D+00
15 26 10  6  2  0  0.0 4.500900395215D-04 2.955857780762D-12 0.000000000000D+00
    2.100000000000D+01-5.818750000000D+01 5.197359348021D-09 6.010111143425D-01
   -3.110617399216D-06 1.707071601413D-02 3.665685653687D-06 5.153570974350D+03
    1.800000000000D+05-2.086162567139D-07 1.097107159763D+00-1.285225152969D-07
    9.453663199247D-01 3.068437500000D+02 1.568572329974D+00-8.937515140523D-09
   -1.903650723265D-10 1.000000000000D+00 2.439000000000D+03 0.000000000000D+00
    2.000000000000D+00 0.000000000000D+00-1.071020960808D-08 2.100000000000D+01
    1.749550000000D+05 4.000000000000D+00
17 26 10  6  2  0  0.0-2.082581631839D-04-3.637978807092D-12 0.000000000000D+00
    4.400000000000D+01-1.331250000000D+01 4.916276211209D-09 1.659826826404D+00
   -7.953494787216D-07 1.266557292547D-02 5.831941962242D-06 5.153716669083D+03
    1.800000000000D+05 1.937150955200D-07-1.813959766980D+00-6.146728992462D-08
    9.560126184715D-01 2.591250000000D+02-1.073392161972D+00-8.178554955356D-09
   -4.728768400756D-10 1.000000000000D+00 2.439000000000D+03 0.000000000000D+00
    2.000000000000D+00 0.000000000000D+00-1.071020960808D-08 4.400000000000D+01
    1.728230000000D+05 4.000000000000D+00
18 26 10  6  2  0  0.0-2.401689998806D-04 8.753886504564D-12 0.000000000000D+00
    7.600000000000D+01 4.600000000000D+01 4.122671725825D-09-2.886554716133D-01
    2.184882760048D-06 6.575404317118D-03 1.086667180061D-05 5.153609527588D+03
    1.800000000000D+05 6.519258022308D-08-8.007310897097D-01 5.587935447693D-08
    9.699367122487D-01 1.741875000000D+02-2.811383326017D+00-7.933544749698D-09
   -3.475144753728D-10 1.000000000000D+00 2.439000000000D+03 0.000000000000D+00
    2.000000000000D+00 0.000000000000D+00-8.381903171539D-09 3.320000000000D+02
    1.728180000000D+05 4.000000000000D+00
19 26 10  6  2  0  0.0 7.049604319036D-04-1.136868377216D-13 0.000000000000D+00
    5.800000000000D+01-1.225000000000D+01 4.834129932344D-09-2.984524825781D+00
   -6.165355443954D-07 1.184313569684D-02 6.685033440590D-06 5.153592218399D+03
    1.800000000000D+05-2.123415470123D-07-1.770231275981D+00 7.264316082001D-08
    9.551184390539D-01 2.491250000000D+02 3.071332134637D+00-8.060692903071D-09
   -4.318037006431D-10 1.000000000000D+00 2.439000000000D+03 0.000000000000D+00
    2.000000000000D+00 0.000000000000D+00-1.536682248116D-08 5.800000000000D+01
    1.761090000000D+05 4.000000000000D+00
20 26 10  6  2  0  0.0 3.000744618475D-04 7.275957614183D-12 0.000000000000D+00
    1.040000000000D+02-7.128125000000D+01 4.634121601194D-09-2.043952204596D+00
   -3.684312105179D-06 1.853201072663D-03 4.079192876816D-06 5.153633176804D+03
    1.800000000000D+05 2.421438694000D-08 1.250894234320D+00 2.793967723846D-08
    9.624780331991D-01 2.992812500000D+02-1.664547622084D+00-8.335347200668D-09
   -1.185763677531D-10 1.000000000000D+00 2.439000000000D+03 0.000000000000D+00
    2.828427076340D+00 0.000000000000D+00-6.519258022308D-09 1.040000000000D+02
    1.728240000000D+05 4.000000000000D+00
21 26 10  6  2  0  0.0 3.458815626800D-04-9.663381206337D-12 0.000000000000D+00
    2.100000000000D+01 6.159375000000D+01 4.478400829085D-09-2.074569798479D+00
    3.267079591751D-06 8.865202544257D-04 4.786998033524D-06 5.153637922287D+03
    1.800000000000D+05 6.519258022308D-08 2.450747090082D-01 5.587935447693D-08
    9.654005763290D-01 2.908437500000D+02-2.388430437200D-01-8.237485981498D-09
    2.496532562031D-10 1.000000000000D+00 2.439000000000D+03 0.000000000000D+00
    2.828427076340D+00 0.000000000000D+00-9.778887033463D-09 5.330000000000D+02
    1.728250000000D+05 4.000000000000D+00
22 26 10  6  2  0  0.0 9.741354733706D-05 8.640199666843D-12 0.000000000000D+00
    8.000000000000D+01 5.165625000000D+01 4.871988652169D-09 2.259948555311D+00
    2.646818757057D-06 1.153584988788D-02 7.087364792824D-06 5.153711565018D+03
    1.800000000000D+05 1.881271600723D-07-2.825214097324D+00 3.539025783539D-08
    9.573495090840D-01 2.392812500000D+02-9.610130012032D-01-8.071407635097D-09
    2.542963067476D-10 1.000000000000D+00 2.439000000000D+03 0.000000000000D+00
    2.000000000000D+00 0.000000000000D+00-1.117587089539D-08 8.000000000000D+01
    1.728260000000D+05 4.000000000000D+00
23 26 10  6  2  0  0.0 6.954856216908D-04 3.410605131648D-12 0.000000000000D+00
    2.600000000000D+01 7.287500000000D+01 3.877304362433D-09-1.537852883345D+00
    3.755092620850D-06 6.787800346501D-03 5.437061190605D-06 5.153595743179D+03
    1.800000000000D+05 2.793967723846D-08 2.097099503469D-01-2.216547727585D-07
    9.904065217899D-01 2.935000000000D+02-2.708755548530D+00-7.879971089568D-09
    2.935836575092D-10 1.000000000000D+00 2.439000000000D+03 0.000000000000D+00
    2.000000000000D+00 0.000000000000D+00-8.381903171539D-09 5.380000000000D+02
    1.728180000000D+05 4.000000000000D+00
24 26 10  6  2  0  0.0 2.381792291999D-04 1.637090463191D-11 0.000000000000D+00
    1.100000000000D+01-6.131250000000D+01 4.986993442580D-09-1.164397488343D-01
   -3.248453140259D-06 1.892473595217D-02 1.122802495956D-05 5.153728958130D+03
    1.800000000000D+05-1.825392246246D-07 2.206770877482D+00 2.905726432800D-07
    9.355455241063D-01 1.555312500000D+02 1.188958482882D+00-8.546427421578D-09
    1.139333172086D-10 1.000000000000D+00 2.439000000000D+03 0.000000000000D+00
    2.000000000000D+00 0.000000000000D+00 2.328306436539D-09 1.100000000000D+01
    1.728180000000D+05 4.000000000000D+00
25 26 10  6  2  0  0.0 3.821165300906D-04-3.524291969370D-12 0.000000000000D+00
    5.800000000000D+01 4.346875000000D+01 5.118784646498D-09-1.628060560949D+00
    2.313405275345D-06 1.167956099380D-02 7.541850209236D-06 5.153773181915D+03
    1.800000000000D+05 2.849847078323D-07-2.941489117194D+00-4.097819328308D-08
    9.473085236138D-01 2.238437500000D+02 9.828956268052D-01-8.149982336620D-09
    5.139499795082D-10 1.000000000000D+00 2.439000000000D+03 0.000000000000D+00
    2.000000000000D+00 0.000000000000D+00 5.587935447693D-09 5.800000000000D+01
    1.728180000000D+05 4.000000000000D+00
26 26 10  6  2  0  0.0-3.942535258830D-04-5.684341886081D-13 0.000000000000D+00
    5.100000000000D+01 3.837500000000D+01 5.422725878299D-09-2.742965614248D+00
    1.702457666397D-06 1.156082539819D-02 8.905306458473D-06 5.153616622925D+03
    1.800000000000D+05 6.332993507385D-08-3.020057350425D+00-2.607703208923D-07
    9.281055221318D-01 1.909687500000D+02 7.405934679363D-01-8.279273436399D-09
    5.221646073947D-10 1.000000000000D+00 2.439000000000D+03 0.000000000000D+00
    2.000000000000D+00 0.000000000000D+00 6.519258022308D-09 5.100000000000D+01
    1.728180000000D+05 4.000000000000D+00
27 26 10  6  2  0  0.0 3.464519977570D-07 0.000000000000D+00 0.000000000000D+00
    6.200000000000D+01-8.781250000000D+00 5.242718380264D-09 1.833488842661D+00
   -6.053596735001D-07 1.450224523433D-02 6.126239895821D-06 5.153670015335D+03
    1.800000000000D+05-3.445893526077D-07-1.888084832735D+00-1.918524503708D-07
    9.495918403003D-01 2.586250000000D+02 9.049758905298D-01-8.431422631167D-09
   -3.307280618656D-10 1.000000000000D+00 2.439000000000D+03 0.000000000000D+00
    2.000000000000D+00 0.000000000000D+00 2.328306436539D-09 6.200000000000D+01
    1.728270000000D+05 4.000000000000D+00
28 26 10  6  2  0  0.0-3.944495692849D-04 1.057287590811D-11 0.000000000000D+00
    1.230000000000D+02-7.981250000000D+01 4.184460013841D-09-6.489235963982D-01
   -4.071742296219D-06 5.021024262533D-04 1.124292612076D-05 5.153680126190D+03
    1.800000000000D+05 0.000000000000D+00 2.295857519498D+00 5.587935447693D-09
    9.623036811595D-01 1.580312500000D+02-3.119645447469D-02-7.870684988479D-09
    1.428630936784D-10 1.000000000000D+00 2.439000000000D+03 0.000000000000D+00
    2.000000000000D+00 0.000000000000D+00-9.313225746155D-09 3.790000000000D+02
    1.728180000000D+05 4.000000000000D+00
29 26 10  6  2  0  0.0-2.299668267369D-04 7.162270776462D-12 0.000000000000D+00
    6.100000000000D+01-6.406250000000D+00 4.949491880489D-09 1.499774416036D+00
   -2.309679985046D-07 3.632543259300D-03 6.558373570442D-06 5.153646612167D+03
    1.800000000000D+05 9.685754776001D-08-1.796622334223D+00-2.421438694000D-08
    9.587150875202D-01 2.493750000000D+02 2.909168326789D+00-8.274273228121D-09
   -4.832344143673D-10 1.000000000000D+00 2.439000000000D+03 0.000000000000D+00
    2.000000000000D+00 0.000000000000D+00-9.778887033463D-09 6.100000000000D+01
    1.728180000000D+05 4.000000000000D+00
30 26 10  6  2  0  0.0 3.853142261505D-04 1.159605744760D-11 0.000000000000D+00
    2.500000000000D+01-5.209375000000D+01 4.844487506636D-09-1.337810128270D+00
   -2.684071660042D-06 8.184570004232D-03 1.074001193047D-05 5.153644277573D+03
    1.800000000000D+05 2.160668373108D-07 2.306971748485D+00 5.774199962616D-08
    9.367605302362D-01 1.550000000000D+02-2.258484450806D+00-8.140339077797D-09
    1.232194182976D-10 1.000000000000D+00 2.439000000000D+03 0.000000000000D+00
    2.000000000000D+00 0.000000000000D+00 3.725290298462D-09 2.500000000000D+01
    1.728280000000D+05 4.000000000000D+00
31 26 10  6  2  0  0.0-1.150229945779D-04 2.955857780762D-12 0.000000000000D+00
    2.500000000000D+01-7.131250000000D+01 4.346252467432D-09-2.170721459993D+00
   -3.868713974953D-06 1.114960818086D-02 1.111999154091D-05 5.153672372818D+03
    1.800000000000D+05 1.508742570877D-07 2.344313114280D+00-1.862645149231D-08
    9.551391554368D-01 1.536250000000D+02 1.021484965589D+00-7.774252400246D-09
    2.689397738497D-10 1.000000000000D+00 2.439000000000D+03 0.000000000000D+00
    2.000000000000D+00 0.000000000000D+00-1.350417733192D-08 2.500000000000D+01
    1.728180000000D+05 4.000000000000D+00
32 26 10  6  2  0  0.0 3.012083470821D-04 1.784883352229D-11 0.000000000000D+00
    5.000000000000D+01-8.346875000000D+01 4.347323940635D-09 2.387280293932D+00
   -4.328787326813D-06 9.611856541596D-03 3.932043910027D-06 5.153607744217D+03
    1.800000000000D+05 1.154839992523D-07 1.264120264552D+00-1.192092895508D-07
    9.700410490291D-01 3.070625000000D+02-1.973120265453D+00-8.138196131392D-09
   -1.057186893220D-10 1.000000000000D+00 2.439000000000D+03 0.000000000000D+00
    2.000000000000D+00 0.000000000000D+00 9.313225746155D-10 5.000000000000D+01
    1.728180000000D+05 4.000000000000D+00
20 26 10  6  2 14 40.0 3.000823780894D-04 7.275957614183D-12 0.000000000000D+00
    1.050000000000D+02-6.928125000000D+01 4.640193282676D-09-1.915744633014D+00
   -3.561377525330D-06 1.853315508924D-03 4.164874553680D-06 5.153632631302D+03
    1.808800000000D+05 2.421438694000D-08 1.250886912415D+00 3.539025783539D-08
    9.624779220173D-01 2.978437500000D+02-1.664396659179D+00-8.338918778010D-09
   -1.203621564241D-10 1.000000000000D+00 2.439000000000D+03 0.000000000000D+00
    2.000000000000D+00 0.000000000000D+00-6.519258022308D-09 1.050000000000D+02
    1.737210000000D+05 4.000000000000D+00
14 26 10  6  2 29 36.0 7.488480769098D-04-5.684341886081D-13 0.000000000000D+00
    1.500000000000D+01 4.778125000000D+01 5.170572517957D-09-1.679025193362D+00
    2.348795533180D-06 7.548320456408D-03 7.597729563713D-06 5.153654886246D+03
    1.817760000000D+05 8.195638656616D-08-2.903339353109D+00-3.911554813385D-08
    9.421940318090D-01 2.213125000000D+02-2.672209995541D+00-8.316417840756D-09
    5.185930300527D-10 1.000000000000D+00 2.439000000000D+03 0.000000000000D+00
    2.000000000000D+00 0.000000000000D+00-7.916241884232D-09 1.500000000000D+01
    1.746280000000D+05 4.000000000000D+00
21 26 10  6  3 29 36.0 3.458303399380D-04-9.663381206340D-12 0.000000000000D+00
    2.200000000000D+01 6.821875000000D+01 4.423041380280D-09-1.288570842420D+00
    3.635883331300D-06 8.864547126000D-04 5.345791578290D-06 5.153640962600D+03
    1.853760000000D+05-1.490116119380D-08 2.450308112250D-01 2.793967723850D-08
    9.654018124950D-01 2.803437500000D+02-2.406916250410D-01-8.209984835970D-09
    1.964367538080D-10 1.000000000000D+00 2.439000000000D+03 0.000000000000D+00
    2.000000000000D+00 0.000000000000D+00-9.778887033460D-09 5.340000000000D+02
    1.782180000000D+05 4.000000000000D+00
16 26 10  6  3 59 28.0 3.457712009549D-04 6.480149750132D-12 0.000000000000D+00
    1.040000000000D+02 3.984375000000D+01 4.818057834305D-09-2.517832907104D+00
    1.691281795502D-06 1.531457994133D-02 7.485970854759D-06 5.153744392395D+03
    1.871680000000D+05 2.123415470123D-07-2.828668855903D+00-1.527369022369D-07
    9.578708960133D-01 2.303125000000D+02 9.491017685954D-01-7.952116951876D-09
    5.585946962827D-10 1.000000000000D+00 2.439000000000D+03 0.000000000000D+00
    2.000000000000D+00 0.000000000000D+00-1.071020960808D-08 1.040000000000D+02
    1.800180000000D+05 4.000000000000D+00
 6 26 10  6  3 59 44.0-5.003102123737D-04 1.284661266254D-11 0.000000000000D+00
    3.000000000000D+01 2.490625000000D+01 3.816230389885D-09 7.842456194808D-01
    1.220032572746D-06 3.872899222188D-03 1.059286296368D-05 5.153772857666D+03
    1.871840000000D+05 5.587935447693D-08-7.926683381380D-01-3.911554813385D-08
    9.849678575791D-01 1.867500000000D+02-5.779814688024D-01-7.695320540989D-09
   -2.967980771169D-10 1.000000000000D+00 2.439000000000D+03 0.000000000000D+00
    2.000000000000D+00 0.000000000000D+00 3.725290298462D-09 3.000000000000D+01
    1.864490000000D+05 4.000000000000D+00
 1 26 10  6  4  0  0.0 1.561306416988D-04-8.640199666843D-12 0.000000000000D+00
    2.600000000000D+01 3.578125000000D+01 4.460900100109D-09 1.656137911694D+00
    1.979991793633D-06 2.032972988673D-03 1.132674515247D-05 5.153751861572D+03
    1.872000000000D+05 3.911554813385D-08-7.492932866844D-01 7.823109626770D-08
    9.563165075182D-01 1.558437500000D+02 1.596865243161D-01-8.055335537058D-09
   -2.460816788611D-10 1.000000000000D+00 2.439000000000D+03 0.000000000000D+00
    2.000000000000D+00 0.000000000000D+00-8.847564458847D-09 7.940000000000D+02
    1.800210000000D+05 4.000000000000D+00
 2 26 10  6  4  0  0.0 1.887381076813D-04 6.821210263297D-12 0.000000000000D+00
    9.500000000000D+01 2.356250000000D+01 4.300536277455D-09 2.938267035736D+00
    1.391395926476D-06 1.712331373710D-02 1.136027276516D-05 5.153708826065D+03
    1.872000000000D+05-5.587935447693D-08-9.108704468274D-01 3.501772880554D-07
    9.609419794563D-01 1.552812500000D+02-6.998486875984D-01-7.726036106130D-09
   -3.514432104489D-10 1.000000000000D+00 2.439000000000D+03 0.000000000000D+00
    2.000000000000D+00 0.000000000000D+00-1.769512891769D-08 9.500000000000D+01
    1.800220000000D+05 4.000000000000D+00
 3 26 10  6  4  0  0.0 2.289917320013D-04-2.080469130306D-11 0.000000000000D+00
    4.000000000000D+01 7.078125000000D+01 3.919448975068D-09-5.721870521731D-01
    3.688037395477D-06 6.873026373796D-03 5.919486284256D-06 5.153726013184D+03
    1.872000000000D+05-8.381903171539D-08 2.452859207317D-01 3.352761268616D-08
    9.960149956796D-01 2.833437500000D+02 1.300412403556D+00-8.073550581502D-09
    2.425101015191D-10 1.000000000000D+00 2.439000000000D+03 0.000000000000D+00
    2.000000000000D+00 0.000000000000D+00 1.396983861923D-09 4.000000000000D+01
    1.800180000000D+05 4.000000000000D+00
 4 26 10  6  4  0  0.0 6.517069414258D-05 0.000000000000D+00 0.000000000000D+00
    4.300000000000D+01-8.131250000000D+01 4.389468553270D-09 2.501100778647D+00
   -4.243105649948D-06 3.987815347500D-03 4.041939973831D-06 5.153657363892D+03
    1.872000000000D+05 7.450580596924D-09 1.312054931760D+00 1.862645149231D-09
    9.727522663279D-01 3.101250000000D+02-2.911870219448D+00-8.216770832915D-09
   -2.253665302777D-10 1.000000000000D+00 2.439000000000D+03 0.000000000000D+00
    2.000000000000D+00 0.000000000000D+00-4.656612873077D-09 5.550000000000D+02
    1.806480000000D+05 4.000000000000D+00
 5 26 10  6  4  0  0.0-2.372325398030D-04-2.273736754430D-13 0.000000000000D+00
    4.800000000000D+01 7.418750000000D+01 4.078384166790D-09 3.022375288530D+00
    3.917142748830D-06 5.286961211820D-03 5.578622221950D-06 5.153574718480D+03
    1.872000000000D+05 1.043081283570D-07 1.826986821330D-01 2.235174179080D-08
    9.823392615050D-01 2.832500000000D+02 1.512751641940D+00-7.933187591960D-09
    1.775073938950D-10 1.000000000000D+00 2.439000000000D+03 0.000000000000D+00
    2.000000000000D+00 0.000000000000D+00-1.024454832080D-08 4.800000000000D+01
    1.800180000000D+05 4.000000000000D+00
 6 26 10  6  4  0  0.0-5.003102123737D-04 1.284661266254D-11 0.000000000000D+00
    1.260000000000D+02 2.490625000000D+01 3.816230389885D-09 7.865811169922D-01
    1.220032572746D-06 3.872899222188D-03 1.059286296368D-05 5.153772855759D+03
    1.872000000000D+05 5.587935447693D-08-7.926684727264D-01-3.911554813385D-08
    9.849678531904D-01 1.867500000000D+02-5.779833486522D-01-7.695320540989D-09
   -2.971552348511D-10 1.000000000000D+00 2.439000000000D+03 0.000000000000D+00
    2.000000000000D+00 0.000000000000D+00 3.725290298462D-09 1.260000000000D+02
    1.828450000000D+05 4.000000000000D+00
 7 26 10  6  4  0  0.0-2.304585650563D-04-3.183231456205D-12 0.000000000000D+00
    1.050000000000D+02-6.271875000000D+01 4.623764026903D-09-4.781623960117D-02
   -3.190711140633D-06 2.096979611088D-02 1.082383096218D-05 5.153760343552D+03
    1.872000000000D+05-2.328306436539D-07 2.319109939666D+00 3.073364496231D-07
    9.514393946526D-01 1.724375000000D+02-1.946216972297D+00-8.352133614175D-09
    1.035757429169D-10 1.000000000000D+00 2.439000000000D+03 0.000000000000D+00
    2.000000000000D+00 0.000000000000D+00-1.071020960808D-08 1.050000000000D+02
    1.800230000000D+05 4.000000000000D+00
 8 26 10  6  4  0  0.0 3.265254199505D-04-1.102762325900D-11 0.000000000000D+00
    1.780000000000D+02-6.875000000000D+00 5.400939256513D-09 2.680160362820D+00
   -4.023313522339D-07 1.193869695999D-02 5.848705768585D-06 5.153777494431D+03
    1.872000000000D+05-1.080334186554D-07-1.922048787355D+00-1.862645149231D-07
    9.405065704338D-01 2.575625000000D+02 5.546889734565D-01-8.332132781060D-09
   -2.560820954186D-10 1.000000000000D+00 2.439000000000D+03 0.000000000000D+00
    2.000000000000D+00 0.000000000000D+00 4.656612873077D-09 1.780000000000D+02
    1.803180000000D+05 4.000000000000D+00
 9 26 10  6  4  0  0.0 6.605833768845D-04-1.000444171950D-11 0.000000000000D+00
    3.200000000000D+01-6.690625000000D+01 4.516973864378D-09-2.965655156035D+00
   -3.412365913391D-06 3.869001171552D-03 3.589317202568D-06 5.153657190323D+03
    1.872000000000D+05 7.078051567078D-08 1.246330684779D+00-3.725290298462D-08
    9.671229634105D-01 3.157500000000D+02 2.074081005365D+00-8.218913779320D-09
   -1.885792836555D-10 1.000000000000D+00 2.439000000000D+03 0.000000000000D+00
    2.000000000000D+00 0.000000000000D+00 4.656612873077D-10 3.200000000000D+01
    1.800180000000D+05 4.000000000000D+00
10 26 10  6  4  0  0.0-5.177692510188D-04 8.526512829121D-12 0.000000000000D+00
    9.200000000000D+01 6.646875000000D+01 3.806944288796D-09-1.452152179853D+00
    3.444030880928D-06 1.151546405163D-02 5.161389708519D-06 5.153649742126D+03
    1.872000000000D+05 3.036111593246D-07 2.427762364904D-01-5.215406417847D-08
    9.955074889171D-01 2.989687500000D+02-2.258312282903D+00-7.862470360593D-09
    2.057228548969D-10 1.000000000000D+00 2.439000000000D+03 0.000000000000D+00
    2.000000000000D+00 0.000000000000D+00 2.328306000000D-09 9.200000000000D+01
    1.800600000000D+05 4.000000000000D+00
11 26 10  6  4  0  0.0-1.879571937025D-04 1.182343112305D-11 0.000000000000D+00
    1.030000000000D+02 2.531250000000D+01 4.257320191617D-09 1.968009211506D+00
    1.296401023865D-06 2.735116984695D-03 1.036562025547D-05 5.153691856384D+03
    1.872000000000D+05-6.891787052155D-08-7.786823248901D-01-3.725290298462D-08
    9.618843693392D-01 1.823750000000D+02-2.288265754402D+00-7.912115285646D-09
   -2.610823036973D-10 1.000000000000D+00 2.439000000000D+03 0.000000000000D+00
    2.000000000000D+00 0.000000000000D+00-8.847564458847D-09 8.710000000000D+02
    1.800180000000D+05 4.000000000000D+00
12 26 10  6  4  0  0.0-6.003919988871D-04 1.023181539495D-12 0.000000000000D+00
    4.600000000000D+01 4.471875000000D+01 4.951991984629D-09-7.874955256410D-01
    2.356246113777D-06 8.835798711516D-03 7.526949048042D-06 5.153661254883D+03
    1.872000000000D+05-9.872019290924D-08-2.845288329428D+00 6.519258022308D-08
    9.588462717731D-01 2.415000000000D+02 1.591411585503D+00-8.350704983239D-09
    4.528760069606D-10 1.000000000000D+00 2.439000000000D+03 0.000000000000D+00
    2.000000000000D+00 0.000000000000D+00-1.210719000000D-08 4.600000000000D+01
    1.812000000000D+05 4.000000000000D+00
13 26 10  6  4  0  0.0 4.513040184975D-04 5.002220859751D-12 0.000000000000D+00
    8.200000000000D+01 4.546875000000D+01 4.810557521887D-09-8.685815608456D-01
    2.279877662659D-06 2.440560609102D-03 8.083879947662D-06 5.153784381866D+03
    1.872000000000D+05-1.490116119385D-08-2.953596076538D+00 2.235174179077D-08
    9.594648242583D-01 2.285000000000D+02 1.800570954928D+00-8.173911904812D-09
    4.710910514046D-10 1.000000000000D+00 2.439000000000D+03 0.000000000000D+00
    2.000000000000D+00 0.000000000000D+00-8.381903000000D-09 8.200000000000D+01
    1.800300000000D+05 4.000000000000D+00
14 26 10  6  4  0  0.0 7.488448172808D-04-5.684341886081D-13 0.000000000000D+00
    1.600000000000D+01 4.496875000000D+01 5.138428321879D-09-8.878290789248D-01
    2.425163984299D-06 7.548416964710D-03 7.603317499161D-06 5.153655582428D+03
    1.872000000000D+05 1.266598701477D-07-2.903384320285D+00 2.048909664154D-08
    9.421966138594D-01 2.209375000000D+02-2.672258042159D+00-8.363205503935D-09
    4.835915721015D-10 1.000000000000D+00 2.439000000000D+03 0.000000000000D+00
    2.000000000000D+00 0.000000000000D+00-7.916241884232D-09 1.600000000000D+01
    1.800250000000D+05 4.000000000000D+00
15 26 10  6  4  0  0.0 4.501109942794D-04 2.955857780762D-12 0.000000000000D+00
    2.200000000000D+01-5.709375000000D+01 5.058067831685D-09 1.651220748521D+00
   -3.391876816750D-06 1.707060006447D-02 3.021210432053D-06 5.153572034836D+03
    1.872000000000D+05 1.415610313416D-07 1.097043117598D+00-4.135072231293D-07
    9.453669211840D-01 3.136250000000D+02 1.568611610787D+00-8.534641216350D-09
   -1.035757429169D-10 1.000000000000D+00 2.439000000000D+03 0.000000000000D+00
    2.000000000000D+00 0.000000000000D+00-1.071020960808D-08 2.200000000000D+01
    1.800260000000D+05 4.000000000000D+00
17 26 10  6  4  0  0.0-2.082837745547D-04-3.637978807092D-12 0.000000000000D+00
    4.500000000000D+01-1.671875000000D+01 5.011280168505D-09 2.710022189816D+00
   -6.761401891708D-07 1.266587828286D-02 5.872920155525D-06 5.153715629578D+03
    1.872000000000D+05 2.235174179077D-07-1.814018832297D+00 8.940696716309D-08
    9.560092757037D-01 2.614687500000D+02-1.073429162096D+00-8.173554747077D-09
   -4.082312901861D-10 1.000000000000D+00 2.439000000000D+03 0.000000000000D+00
    2.000000000000D+00 0.000000000000D+00-1.071020960808D-08 4.500000000000D+01
    1.800270000000D+05 4.000000000000D+00
18 26 10  6  4  0  0.0-2.401056699455D-04 8.753886504564D-12 0.000000000000D+00
    7.700000000000D+01 4.178125000000D+01 4.211604001640D-09 7.616445709021D-01
    2.274289727211D-06 6.575378705747D-03 1.043081283569D-05 5.153609230042D+03
    1.872000000000D+05 3.352761268616D-08-8.007882883436D-01 4.842877388000D-08
    9.699341638454D-01 1.808437500000D+02-2.811466362710D+00-7.943545166255D-09
   -3.514432104489D-10 1.000000000000D+00 2.439000000000D+03 0.000000000000D+00
    2.000000000000D+00 0.000000000000D+00-8.381903171539D-09 3.330000000000D+02
    1.800180000000D+05 4.000000000000D+00
19 26 10  6  4  0  0.0 7.049595005810D-04-1.136868377216D-13 0.000000000000D+00
    8.900000000000D+01-2.071875000000D+01 5.013780272645D-09-1.934362373637D+00
   -1.125037670135D-06 1.184380427003D-02 6.664544343948D-06 5.153590270996D+03
    1.872000000000D+05-8.381903171539D-08-1.770291552595D+00-2.775341272354D-07
    9.551147876104D-01 2.496562500000D+02 3.071404306238D+00-8.346776248162D-09
   -2.571535686212D-10 1.000000000000D+00 2.439000000000D+03 0.000000000000D+00
    2.000000000000D+00 0.000000000000D+00-1.536682248116D-08 8.900000000000D+01
    1.800280000000D+05 4.000000000000D+00
20 26 10  6  4  0  0.0 3.001284785569D-04 7.275957614183D-12 0.000000000000D+00
    1.060000000000D+02-6.534375000000D+01 4.605906140193D-09-9.934960380006D-01
   -3.356486558914D-06 1.853647409007D-03 4.028901457787D-06 5.153634082794D+03
    1.872000000000D+05-1.676380634308D-08 1.250834080592D+00 3.911554813385D-08
    9.624769784352D-01 3.034062500000D+02-1.664797181279D+00-8.378206128772D-09
   -1.210764718925D-10 1.000000000000D+00 2.439000000000D+03 0.000000000000D+00
    2.000000000000D+00 0.000000000000D+00-6.519258022308D-09 1.060000000000D+02
    1.800290000000D+05 4.000000000000D+00
21 26 10  6  4  0  0.0 3.458126448095D-04-9.663381206337D-12 0.000000000000D+00
    2.300000000000D+01 6.640625000000D+01 4.410540859587D-09-1.021893254322D+00
    3.537163138390D-06 8.867084980011D-04 5.591660737991D-06 5.153642072678D+03
    1.872000000000D+05-7.450580596924D-09 2.450158645914D-01 1.676380634308D-08
    9.654021635951D-01 2.757500000000D+02-2.413185966196D-01-8.211770624636D-09
    1.896507568581D-10 1.000000000000D+00 2.439000000000D+03 0.000000000000D+00
    2.000000000000D+00 0.000000000000D+00-9.778887033463D-09 5.350000000000D+02
    1.828560000000D+05 4.000000000000D+00
22 26 10  6  4  0  0.0 9.747548028827D-05 8.640199666843D-12 0.000000000000D+00
    8.300000000000D+01 5.059375000000D+01 4.762341227771D-09-2.973134351048D+00
    2.663582563400D-06 1.153479993809D-02 7.461756467819D-06 5.153713817596D+03
    1.872000000000D+05-1.490116119385D-08-2.825273158253D+00 2.197921276093D-07
    9.573522769251D-01 2.298750000000D+02-9.609558040321D-01-7.999261772790D-09
    4.646622121891D-10 1.000000000000D+00 2.439000000000D+03 0.000000000000D+00
    2.000000000000D+00 0.000000000000D+00-1.117587089539D-08 8.300000000000D+01
    1.800300000000D+05 4.000000000000D+00
23 26 10  6  4  0  0.0 6.955103017390D-04 3.410605131648D-12 0.000000000000D+00
    2.700000000000D+01 6.596875000000D+01 3.995166414717D-09-4.875005371199D-01
    3.309920430183D-06 6.788284168579D-03 5.256384611130D-06 5.153597620010D+03
    1.872000000000D+05 1.303851604462D-07 2.096533134735D-01 3.911554813385D-08
    9.904072532489D-01 2.957187500000D+02-2.708884674457D+00-8.098551622896D-09
    1.589351917173D-10 1.000000000000D+00 2.439000000000D+03 0.000000000000D+00
    2.000000000000D+00 0.000000000000D+00-8.381903000000D-09 5.390000000000D+02
    1.800600000000D+05 4.000000000000D+00
24 26 10  6  4  0  0.0 2.382965758443D-04 1.637090463191D-11 0.000000000000D+00
    1.200000000000D+01-6.387500000000D+01 4.978064499225D-09 9.337123092769D-01
   -3.410503268242D-06 1.892421545926D-02 1.100637018681D-05 5.153728040695D+03
    1.872000000000D+05-2.738088369370D-07 2.206710738383D+00-3.725290298462D-08
    9.355452695585D-01 1.593750000000D+02 1.188956623513D+00-8.518211960577D-09
   -1.400058318049D-10 1.000000000000D+00 2.439000000000D+03 0.000000000000D+00
    2.000000000000D+00 0.000000000000D+00 2.328306436539D-09 1.200000000000D+01
    1.800190000000D+05 4.000000000000D+00
25 26 10  6  4  0  0.0 3.820909187198D-04-3.524291969370D-12 0.000000000000D+00
    5.900000000000D+01 4.275000000000D+01 5.192716297477D-09-5.778922688355D-01
    2.421438694000D-06 1.167983794585D-02 7.756054401398D-06 5.153774282455D+03
    1.872000000000D+05-7.450580596924D-09-2.941548722329D+00 1.974403858185D-07
    9.473104385736D-01 2.280000000000D+02 9.828514861780D-01-8.500354073867D-09
    4.521616914922D-10 1.000000000000D+00 2.439000000000D+03 0.000000000000D+00
    2.000000000000D+00 0.000000000000D+00 5.587935000000D-09 5.900000000000D+01
    1.825200000000D+05 4.000000000000D+00
26 26 10  6  4  0  0.0-3.942572511733D-04-4.547473508865D-13 0.000000000000D+00
    5.300000000000D+01 4.128125000000D+01 5.395939048234D-09-1.692868895402D+00
    1.963227987289D-06 1.156188396271D-02 7.845461368561D-06 5.153613241196D+03
    1.872000000000D+05 2.197921276093D-07-3.020117409064D+00-1.452863216400D-07
    9.281096899854D-01 2.035312500000D+02 7.407201332353D-01-8.323918153174D-09
    5.839528954106D-10 1.000000000000D+00 2.439000000000D+03 0.000000000000D+00
    2.000000000000D+00 0.000000000000D+00 6.519258022308D-09 5.300000000000D+01
    1.800180000000D+05 4.000000000000D+00
27 26 10  6  4  0  0.0 3.459863364697D-07 0.000000000000D+00 0.000000000000D+00
    6.300000000000D+01-8.531250000000D+00 5.115213069156D-09 2.883702110728D+00
   -6.034970283508D-07 1.450252323411D-02 6.115064024925D-06 5.153669162750D+03
    1.872000000000D+05 1.303851604462D-08-1.888144114564D+00-2.197921276093D-07
    9.495909069586D-01 2.552812500000D+02 9.049507400421D-01-8.120695402416D-09
   -3.242992226500D-10 1.000000000000D+00 2.439000000000D+03 0.000000000000D+00
    2.000000000000D+00 0.000000000000D+00 2.328306436539D-09 6.300000000000D+01
    1.800180000000D+05 4.000000000000D+00
28 26 10  6  4  0  0.0-3.943727351725D-04 1.057287590811D-11 0.000000000000D+00
    1.240000000000D+02-7.303125000000D+01 4.180531278765D-09 4.004101009508D-01
   -3.652647137642D-06 5.004804115742D-04 1.193396747112D-05 5.153677003860D+03
    1.872000000000D+05 1.862645149231D-08 2.295800894328D+00 1.303851604462D-08
    9.623047798110D-01 1.475312500000D+02-3.035437103282D-02-7.853898574972D-09
    1.414344627416D-10 1.000000000000D+00 2.439000000000D+03 0.000000000000D+00
    2.000000000000D+00 0.000000000000D+00-9.313225746155D-09 3.800000000000D+02
    1.800180000000D+05 4.000000000000D+00
29 26 10  6  4  0  0.0-2.299156039953D-04 7.162270776462D-12 0.000000000000D+00
    6.200000000000D+01-6.937500000000D+00 4.991636493124D-09 2.550083603252D+00
   -3.110617399216D-07 3.632591455244D-03 6.625428795815D-06 5.153645915985D+03
    1.872000000000D+05-3.725290298462D-08-1.796682624003D+00 1.210719347000D-07
    9.587122904208D-01 2.527187500000D+02 2.909060792070D+00-8.226771249473D-09
   -3.250135381184D-10 1.000000000000D+00 2.439000000000D+03 0.000000000000D+00
    2.000000000000D+00 0.000000000000D+00-9.778887033463D-09 6.200000000000D+01
    1.800180000000D+05 4.000000000000D+00
30 26 10  6  4  0  0.0 3.853980451822D-04 1.159605744760D-11 0.000000000000D+00
    2.600000000000D+01-5.868750000000D+01 4.824129515787D-09-2.874762821068D-01
   -2.983957529068D-06 8.184902253561D-03 1.066736876965D-05 5.153646221161D+03
    1.872000000000D+05 4.097819328308D-08 2.306912497377D+00 1.378357410431D-07
    9.367606384921D-01 1.632500000000D+02-2.258618405825D+00-8.301060058185D-09
    1.057186893220D-10 1.000000000000D+00 2.439000000000D+03 0.000000000000D+00
    2.000000000000D+00 0.000000000000D+00 3.725290298462D-09 2.600000000000D+01
    1.800200000000D+05 4.000000000000D+00
31 26 10  6  4  0  0.0-1.150015741587D-04 2.955857780762D-12 0.000000000000D+00
    2.600000000000D+01-5.831250000000D+01 4.389468553270D-09-1.120724743301D+00
   -2.697110176086D-06 1.114953844808D-02 1.167878508568D-05 5.153668512344D+03
    1.872000000000D+05 1.583248376846D-07 2.344257305418D+00 2.384185791016D-07
    9.551400346506D-01 1.458750000000D+02 1.021669240602D+00-7.973903573662D-09
    1.732215010851D-10 1.000000000000D+00 2.439000000000D+03 0.000000000000D+00
    2.000000000000D+00 0.000000000000D+00-1.350417733192D-08 2.600000000000D+01
    1.800180000000D+05 4.000000000000D+00
32 26 10  6  4  0  0.0 3.013368695974D-04 1.784883352229D-11 0.000000000000D+00
    1.580000000000D+02-8.631250000000D+01 4.349824044774D-09-2.845636473210D+00
   -4.317611455917D-06 9.611872257665D-03 4.265457391739D-06 5.153607517242D+03
    1.872000000000D+05 6.332993507385D-08 1.264062372494D+00-2.048909664154D-08
    9.700402809971D-01 3.009375000000D+02-1.973168404236D+00-8.069264688692D-09
   -1.528635102359D-10 1.000000000000D+00 2.439000000000D+03 0.000000000000D+00
    2.000000000000D+00 0.000000000000D+00 9.313225746155D-10 1.580000000000D+02
    1.800180000000D+05 4.000000000000D+00
 6 26 10  6  5 59 44.0-5.002180114388D-04 1.284661266254D-11 0.000000000000D+00
    3.100000000000D+01 2.387500000000D+01 3.882304570711D-09 1.834384367963D+00
    1.451000571251D-06 3.872193396091D-03 1.102313399315D-05 5.153772367477D+03
    1.943840000000D+05 6.519258022308D-08-7.927235398888D-01-3.725290298462D-09
    9.849657612175D-01 1.767500000000D+02-5.780037709885D-01-7.671748130532D-09
   -3.057270204718D-10 1.000000000000D+00 2.439000000000D+03 0.000000000000D+00
    2.000000000000D+00 0.000000000000D+00 3.725290298462D-09 3.100000000000D+01
    1.872190000000D+05 4.000000000000D+00
 7 26 10  6  5 59 44.0-2.304837107658D-04-3.183231456205D-12 0.000000000000D+00
    5.400000000000D+01-7.937500000000D+01 4.516973864378D-09 9.998698462611D-01
   -4.036352038383D-06 2.097236493137D-02 1.190789043903D-05 5.153766805649D+03
    1.943840000000D+05-3.501772880554D-07 2.319050959198D+00-1.862645149231D-09
    9.514391752149D-01 1.526875000000D+02-1.946109870602D+00-8.312489105680D-09
   -8.786080261224D-11 1.000000000000D+00 2.439000000000D+03 0.000000000000D+00
    2.000000000000D+00 0.000000000000D+00-1.071020960808D-08 5.400000000000D+01
    1.900680000000D+05 4.000000000000D+00
 1 26 10  6  6  0  0.0 1.560677774251D-04-8.640199666843D-12 0.000000000000D+00
    2.700000000000D+01 5.050000000000D+01 4.490901349782D-09 2.707054123602D+00
    2.618879079819D-06 2.034228877164D-03 1.142174005508D-05 5.153748065948D+03
    1.944000000000D+05-7.450580596924D-08-7.493515005835D-01-1.117587089539D-08
    9.563154059409D-01 1.545312500000D+02 1.589044892727D-01-7.957831475623D-09
   -1.600066649198D-10 1.000000000000D+00 2.439000000000D+03 0.000000000000D+00
    2.828427076340D+00 0.000000000000D+00-8.847564458847D-09 7.950000000000D+02
    1.872180000000D+05 4.000000000000D+00
 2 26 10  6  6  0  0.0 1.887874677777D-04 6.821210263297D-12 0.000000000000D+00
    9.600000000000D+01 3.968750000000D+01 4.309108063076D-09-2.294746917443D+00
    2.237036824226D-06 1.712506893091D-02 1.168437302113D-05 5.153705873489D+03
    1.944000000000D+05-2.868473529816D-07-9.109260947682D-01 2.551823854446D-07
    9.609395436977D-01 1.546562500000D+02-6.998602110041D-01-7.757108829005D-09
   -3.000124967247D-10 1.000000000000D+00 2.439000000000D+03 0.000000000000D+00
    2.000000000000D+00 0.000000000000D+00-1.769512891769D-08 9.600000000000D+01
    1.872180000000D+05 4.000000000000D+00
 3 26 10  6  6  0  0.0 2.288417890668D-04-2.080469130306D-11 0.000000000000D+00
    6.400000000000D+01 7.165625000000D+01 3.924449183347D-09 4.779824014970D-01
    3.701075911522D-06 6.872688769363D-03 5.736947059631D-06 5.153725385666D+03
    1.944000000000D+05-8.754432201385D-08 2.452278501986D-01 0.000000000000D+00
    9.960167131454D-01 2.868437500000D+02 1.300387476895D+00-8.074264896971D-09
    2.253665302777D-10 1.000000000000D+00 2.439000000000D+03 0.000000000000D+00
    2.000000000000D+00 0.000000000000D+00 1.396983861923D-09 6.400000000000D+01
    1.875210000000D+05 4.000000000000D+00
 4 26 10  6  6  0  0.0 6.517115980387D-05 0.000000000000D+00 0.000000000000D+00
    4.400000000000D+01-8.703125000000D+01 4.456971365033D-09-2.731919037908D+00
   -4.516914486885D-06 3.989107906818D-03 4.347413778305D-06 5.153654985428D+03
    1.944000000000D+05 0.000000000000D+00 1.311995747946D+00 1.117587089539D-08
    9.727506088417D-01 3.020000000000D+02-2.911845090904D+00-8.221771041194D-09
   -2.278666344171D-10 1.000000000000D+00 2.439000000000D+03 0.000000000000D+00
    2.000000000000D+00 0.000000000000D+00-4.656612873077D-09 5.560000000000D+02
    1.872180000000D+05 4.000000000000D+00
 5 26 10  6  6  0  0.0-2.372344024479D-04-2.273736754432D-13 0.000000000000D+00
    4.900000000000D+01 7.231250000000D+01 4.027310610795D-09-2.210536528096D+00
    3.809109330177D-06 5.285481689498D-03 6.197020411491D-06 5.153577413559D+03
    1.944000000000D+05 3.539025783539D-08 1.826413020976D-01 7.636845111847D-08
    9.823408590112D-01 2.714687500000D+02 1.512715066060D+00-7.908186550570D-09
    2.425101015191D-10 1.000000000000D+00 2.439000000000D+03 0.000000000000D+00
    2.000000000000D+00 0.000000000000D+00-1.024454832077D-08 4.900000000000D+01
    1.872180000000D+05 4.000000000000D+00
 7 26 10  6  6  0  0.0-2.304809167981D-04-3.183231456205D-12 0.000000000000D+00
    1.070000000000D+02-7.937500000000D+01 4.516973864378D-09 1.002203411258D+00
   -4.036352038383D-06 2.097236621194D-02 1.190789043903D-05 5.153766799927D+03
    1.944000000000D+05-3.501772880554D-07 2.319050798277D+00-1.862645149231D-09
    9.514391796037D-01 1.526875000000D+02-1.946109738939D+00-8.312489105680D-09
   -8.786080261224D-11 1.000000000000D+00 2.439000000000D+03 0.000000000000D+00
    2.000000000000D+00 0.000000000000D+00-1.071020960808D-08 1.070000000000D+02
    1.872180000000D+05 4.000000000000D+00
 8 26 10  6  6  0  0.0 3.264462575316D-04-1.102762325900D-11 0.000000000000D+00
    1.790000000000D+02-8.500000000000D+00 5.385938631677D-09-2.552899398713D+00
   -7.133930921555D-07 1.193898078054D-02 5.921348929405D-06 5.153776962280D+03
    1.944000000000D+05 5.215406417847D-08-1.922109195632D+00-2.440065145493D-07
    9.405047139907D-01 2.564062500000D+02 5.546875763697D-01-8.383563494785D-09
   -1.875078104529D-10 1.000000000000D+00 2.439000000000D+03 0.000000000000D+00
    2.000000000000D+00 0.000000000000D+00 4.656612873077D-09 1.790000000000D+02
    1.872180000000D+05 4.000000000000D+00
 9 26 10  6  6  0  0.0 6.605111993849D-04-1.000444171950D-11 0.000000000000D+00
    3.300000000000D+01-6.996875000000D+01 4.638050336270D-09-1.915487317427D+00
   -3.650784492493D-06 3.868764964864D-03 3.574416041374D-06 5.153657415390D+03
    1.944000000000D+05-9.313225746155D-09 1.246271337118D+00 1.229345798492D-07
    9.671207017392D-01 3.142187500000D+02 2.074103992197D+00-8.382492021582D-09
   -2.403671551140D-10 1.000000000000D+00 2.439000000000D+03 0.000000000000D+00
    2.000000000000D+00 0.000000000000D+00 4.656612873077D-10 3.300000000000D+01
    1.878720000000D+05 4.000000000000D+00
10 26 10  6  6  0  0.0-5.177073180676D-04 8.526512829121D-12 0.000000000000D+00
    9.300000000000D+01 6.221875000000D+01 3.991594837375D-09-4.019722238937D-01
    3.276392817497D-06 1.151497580577D-02 5.252659320831D-06 5.153648988724D+03
    1.944000000000D+05 1.862645149231D-08 2.427187043111D-01 1.080334186554D-07
    9.955074889171D-01 2.957187500000D+02-2.258301454383D+00-8.153196756228D-09
    1.678641350722D-10 1.000000000000D+00 2.439000000000D+03 0.000000000000D+00
    2.000000000000D+00 0.000000000000D+00 2.328306436539D-09 9.300000000000D+01
    1.882080000000D+05 4.000000000000D+00
11 26 10  6  6  0  0.0-1.878719776869D-04 1.182343112305D-11 0.000000000000D+00
    1.040000000000D+02 1.778125000000D+01 4.363038880939D-09 3.018639320524D+00
    9.946525096893D-07 2.736924216151D-03 1.087971031666D-05 5.153687725067D+03
    1.944000000000D+05-2.235174179077D-08-7.787391782754D-01-6.519258022308D-08
    9.618826167633D-01 1.683437500000D+02-2.288726417065D+00-7.889257190657D-09
   -2.532248335450D-10 1.000000000000D+00 2.439000000000D+03 0.000000000000D+00
    2.000000000000D+00 0.000000000000D+00-8.847564458847D-09 8.720000000000D+02
    1.872200000000D+05 4.000000000000D+00
12 26 10  6  6  0  0.0-6.003850139678D-04 1.023181539495D-12 0.000000000000D+00
    4.700000000000D+01 4.900000000000D+01 4.786270795962D-09 2.627338579312D-01
    2.337619662285D-06 8.837447967380D-03 7.688999176025D-06 5.153664485931D+03
    1.944000000000D+05-1.024454832077D-07-2.845348268108D+00-1.117587089539D-08
    9.588494419166D-01 2.304687500000D+02 1.591372250562D+00-8.351062140973D-09
    4.082312901861D-10 1.000000000000D+00 2.439000000000D+03 0.000000000000D+00
    2.000000000000D+00 0.000000000000D+00-1.210719347000D-08 4.700000000000D+01
    1.872210000000D+05 4.000000000000D+00
13 26 10  6  6  0  0.0 4.513398744166D-04 5.002220859751D-12 0.000000000000D+00
    8.300000000000D+01 4.834375000000D+01 4.657694011651D-09 1.817708687663D-01
    2.318993210793D-06 2.442159806378D-03 8.288770914078D-06 5.153787614822D+03
    1.944000000000D+05-2.048909664154D-08-2.953654890233D+00 1.303851604462D-08
    9.594681904328D-01 2.168437500000D+02 1.800332291546D+00-8.172483273875D-09
    4.643050544549D-10 1.000000000000D+00 2.439000000000D+03 0.000000000000D+00
    2.000000000000D+00 0.000000000000D+00-8.381903171539D-09 8.300000000000D+01
    1.872220000000D+05 4.000000000000D+00
14 26 10  6  6  0  0.0 7.488406263292D-04-5.684341886081D-13 0.000000000000D+00
    1.700000000000D+01 4.312500000000D+01 5.149857369373D-09 1.623345669606D-01
    2.328306436539D-06 7.547639426775D-03 8.052214980125D-06 5.153654027939D+03
    1.944000000000D+05 5.401670932770D-08-2.903444747579D+00 9.872019290924D-08
    9.421998088725D-01 2.154062500000D+02-2.672224798809D+00-8.412850428989D-09
    4.646622121891D-10 1.000000000000D+00 2.439000000000D+03 0.000000000000D+00
    2.000000000000D+00 0.000000000000D+00-7.916241884232D-09 1.700000000000D+01
    1.872230000000D+05 4.000000000000D+00
15 26 10  6  6  0  0.0 4.501319490373D-04 2.955857780762D-12 0.000000000000D+00
    2.300000000000D+01-4.471875000000D+01 4.995208070466D-09 2.701363601951D+00
   -2.272427082062D-06 1.706964510959D-02 2.436339855194D-06 5.153575725555D+03
    1.944000000000D+05 2.179294824600D-07 1.096983468576D+00-1.080334186554D-07
    9.453666593217D-01 3.215312500000D+02 1.568713472310D+00-8.308917528338D-09
   -1.871506527187D-10 1.000000000000D+00 2.439000000000D+03 0.000000000000D+00
    2.000000000000D+00 0.000000000000D+00-1.071020960808D-08 2.300000000000D+01
    1.872240000000D+05 4.000000000000D+00
16 26 10  6  6  0  0.0 3.458177670836D-04 6.480149750132D-12 0.000000000000D+00
    1.060000000000D+02 4.459375000000D+01 4.769841540189D-09-1.463082673643D+00
    2.488493919373D-06 1.531524327584D-02 6.869435310364D-06 5.153742368698D+03
    1.944000000000D+05 3.818422555923D-07-2.828725979928D+00 3.539025783539D-08
    9.578745064952D-01 2.371875000000D+02 9.491589964878D-01-8.074622054705D-09
    4.746626287466D-10 1.000000000000D+00 2.439000000000D+03 0.000000000000D+00
    2.000000000000D+00 0.000000000000D+00-1.071020960808D-08 1.060000000000D+02
    1.872180000000D+05 4.000000000000D+00
17 26 10  6  6  0  0.0-2.083098515868D-04-3.637978807092D-12 0.000000000000D+00
    4.600000000000D+01-1.331250000000D+01 4.974135764149D-09-2.523015383638D+00
   -4.358589649200D-07 1.266631053295D-02 5.908310413361D-06 5.153714796066D+03
    1.944000000000D+05 3.911554813385D-08-1.814078058536D+00 1.620501279831D-07
    9.560071091220D-01 2.612500000000D+02-1.073417694281D+00-8.108552039454D-09
   -2.850118718885D-10 1.000000000000D+00 2.439000000000D+03 0.000000000000D+00
    2.000000000000D+00 0.000000000000D+00-1.071020960808D-08 4.600000000000D+01
    1.872250000000D+05 4.000000000000D+00
18 26 10  6  6  0  0.0-2.400423400104D-04 8.753886504564D-12 0.000000000000D+00
    7.800000000000D+01 3.284375000000D+01 4.253748614275D-09 1.811799183268D+00
    1.836568117142D-06 6.574885337614D-03 1.076236367226D-05 5.153609739304D+03
    1.944000000000D+05-8.009374141693D-08-8.008459404822D-01 1.490116119385D-07
    9.699319299695D-01 1.799687500000D+02-2.811401751471D+00-7.909972339241D-09
   -2.492960984689D-10 1.000000000000D+00 2.439000000000D+03 0.000000000000D+00
    2.800000000000D+00 0.000000000000D+00-8.381903171539D-09 3.340000000000D+02
    1.872180000000D+05 4.000000000000D+00
19 26 10  6  6  0  0.0 7.049585692585D-04-1.136868377216D-13 0.000000000000D+00
    9.700000000000D+01-2.106250000000D+01 5.055567727546D-09-8.842563506320D-01
   -1.123175024986D-06 1.184370473493D-02 5.962327122688D-06 5.153587335587D+03
    1.944000000000D+05 9.685754776001D-08-1.770351944779D+00-2.197921276093D-07
    9.551132193622D-01 2.606875000000D+02 3.071535031134D+00-8.398564119621D-09
   -2.310810540249D-10 1.000000000000D+00 2.439000000000D+03 0.000000000000D+00
    2.000000000000D+00 0.000000000000D+00-1.536682248116D-08 9.700000000000D+01
    1.872260000000D+05 4.000000000000D+00
20 26 10  6  6  0  0.0 3.001810982823D-04 7.275957614183D-12 0.000000000000D+00
    1.070000000000D+02-6.531250000000D+01 4.617692345421D-09 5.679866340089D-02
   -3.304332494736D-06 1.853157882579D-03 3.775581717491D-06 5.153633398056D+03
    1.944000000000D+05-8.940696716309D-08 1.250774121431D+00 0.000000000000D+00
    9.624760480193D-01 3.095000000000D+02-1.664886537778D+00-8.351419298707D-09
   -1.767930784271D-10 1.000000000000D+00 2.439000000000D+03 0.000000000000D+00
    2.000000000000D+00 0.000000000000D+00-6.519258022308D-09 1.070000000000D+02
    1.872180000000D+05 4.000000000000D+00
21 26 10  6  6  0  0.0 3.457427956164D-04-9.663381206337D-12 0.000000000000D+00
    2.400000000000D+01 7.234375000000D+01 4.484472510566D-09 2.813438699586D-02
    3.650784492493D-06 8.857781067491D-04 5.794689059258D-06 5.153640394211D+03
    1.944000000000D+05-9.313225746155D-09 2.449567451460D-01 1.676380634308D-08
    9.654035153315D-01 2.705312500000D+02-2.411464477346D-01-8.213199255573D-09
    1.889364413897D-10 1.000000000000D+00 2.439000000000D+03 0.000000000000D+00
    2.000000000000D+00 0.000000000000D+00-9.778887033463D-09 5.360000000000D+02
    1.872180000000D+05 4.000000000000D+00
22 26 10  6  6  0  0.0 9.753787890077D-05 8.640199666843D-12 0.000000000000D+00
    8.400000000000D+01 5.040625000000D+01 4.740911763719D-09-1.923000030819D+00
    2.840533852577D-06 1.153497537598D-02 7.942318916321D-06 5.153713232040D+03
    1.944000000000D+05-2.067536115646D-07-2.825330940591D+00 2.104789018631D-07
    9.573551603366D-01 2.272187500000D+02-9.609321267030D-01-8.114266563201D-09
    4.735911555440D-10 1.000000000000D+00 2.439000000000D+03 0.000000000000D+00
    2.000000000000D+00 0.000000000000D+00-1.117587089539D-08 8.400000000000D+01
    1.872280000000D+05 4.000000000000D+00
23 26 10  6  6  0  0.0 6.955349817872D-04 3.410605131648D-12 0.000000000000D+00
    2.800000000000D+01 6.671875000000D+01 4.053383125391D-09 5.626881992735D-01
    3.572553396225D-06 6.788048427552D-03 5.278736352921D-06 5.153597200394D+03
    1.944000000000D+05 6.519258022308D-08 2.095952370886D-01 1.005828380585D-07
    9.904084426013D-01 2.916875000000D+02-2.708849154806D+00-8.063907322679D-09
    1.250052069686D-10 1.000000000000D+00 2.439000000000D+03 0.000000000000D+00
    2.000000000000D+00 0.000000000000D+00-8.381903171539D-09 5.400000000000D+02
    1.872180000000D+05 4.000000000000D+00
24 26 10  6  6  0  0.0 2.384143881500D-04 1.637090463191D-11 0.000000000000D+00
    4.100000000000D+01-8.156250000000D+01 4.693766942805D-09 1.983710516683D+00
   -4.483386874199D-06 1.892465259880D-02 1.024268567562D-05 5.153733472824D+03
    1.944000000000D+05 1.862645149231D-08 2.206649611814D+00-4.544854164124D-07
    9.355465759444D-01 1.697500000000D+02 1.189107260187D+00-8.065693111350D-09
   -7.143154683922D-12 1.000000000000D+00 2.439000000000D+03 0.000000000000D+00
    2.000000000000D+00 0.000000000000D+00 2.328306436539D-09 4.100000000000D+01
    1.872290000000D+05 4.000000000000D+00
25 26 10  6  6  0  0.0 3.820653073490D-04-3.524291969370D-12 0.000000000000D+00
    6.200000000000D+01 5.318750000000D+01 5.033423948025D-09 4.722177815832D-01
    2.639368176460D-06 1.168159267399D-02 7.996335625648D-06 5.153777662277D+03
    1.944000000000D+05-1.434236764908D-07-2.941609439280D+00 1.341104507446D-07
    9.473136174946D-01 2.211562500000D+02 9.828642325833D-01-8.461066723105D-09
    3.668009930194D-10 1.000000000000D+00 2.439000000000D+03 0.000000000000D+00
    2.000000000000D+00 0.000000000000D+00 5.587935447693D-09 6.200000000000D+01
    1.891100000000D+05 4.000000000000D+00
26 26 10  6  6  0  0.0-3.942609764636D-04-4.547473508865D-13 0.000000000000D+00
    5.400000000000D+01 4.250000000000D+01 5.468084910542D-09-6.426414341038D-01
    2.443790435791D-06 1.156211656053D-02 7.992610335350D-06 5.153613460541D+03
    1.944000000000D+05 8.568167686462D-08-3.020177534997D+00 1.881271600723D-07
    9.281121242810D-01 2.065312500000D+02 7.407166631936D-01-8.662860842926D-09
    4.718053668730D-10 1.000000000000D+00 2.439000000000D+03 0.000000000000D+00
    2.000000000000D+00 0.000000000000D+00 6.519258022308D-09 5.400000000000D+01
    1.872180000000D+05 4.000000000000D+00
27 26 10  6  6  0  0.0 3.455206751823D-07 0.000000000000D+00 0.000000000000D+00
    6.600000000000D+01-9.625000000000D+00 5.139142637347D-09-2.349313100561D+00
   -7.580965757370D-07 1.450295711402D-02 5.785375833511D-06 5.153668256760D+03
    1.944000000000D+05 2.365559339523D-07-1.888203936210D+00-8.754432201385D-08
    9.495889349450D-01 2.592500000000D+02 9.049694317464D-01-8.203913154484D-09
   -1.378628853997D-10 1.000000000000D+00 2.439000000000D+03 0.000000000000D+00
    2.000000000000D+00 0.000000000000D+00 2.328306436539D-09 6.600000000000D+01
    1.872180000000D+05 4.000000000000D+00
28 26 10  6  6  0  0.0-3.942963667214D-04 1.057287590811D-11 0.000000000000D+00
    1.250000000000D+02-6.112500000000D+01 4.100527946305D-09 1.448623726776D+00
   -3.058463335037D-06 5.016858922318D-04 1.184828579426D-05 5.153679843903D+03
    1.944000000000D+05-1.005828380585D-07 2.295745031338D+00 2.793967723846D-08
    9.623057658178D-01 1.505625000000D+02-2.839349904606D-02-7.789610182817D-09
    6.107397254753D-11 1.000000000000D+00 2.439000000000D+03 0.000000000000D+00
    2.000000000000D+00 0.000000000000D+00-9.313225746155D-09 3.810000000000D+02
    1.872180000000D+05 4.000000000000D+00
29 26 10  6  6  0  0.0-2.298639155924D-04 7.162270776462D-12 0.000000000000D+00
    6.800000000000D+01-1.334375000000D+01 4.915919053475D-09-2.682940278752D+00
   -6.016343832016D-07 3.631146042608D-03 6.306916475296D-06 5.153648639679D+03
    1.944000000000D+05-9.499490261078D-08-1.796741837075D+00 5.029141902924D-08
    9.587101018953D-01 2.609687500000D+02 2.909099528678D+00-8.214985044244D-09
   -3.007268121931D-10 1.000000000000D+00 2.439000000000D+03 0.000000000000D+00
    2.000000000000D+00 0.000000000000D+00-9.778887033463D-09 6.800000000000D+01
    1.872180000000D+05 4.000000000000D+00
30 26 10  6  6  0  0.0 3.854818642139D-04 1.159605744760D-11 0.000000000000D+00
    2.700000000000D+01-6.893750000000D+01 4.823772358052D-09 7.626781239880D-01
   -3.436580300331D-06 8.183956728317D-03 1.089088618755D-05 5.153644653320D+03
    1.944000000000D+05-1.527369022369D-07 2.306853875323D+00 6.332993507385D-08
    9.367611197921D-01 1.600937500000D+02-2.258572174688D+00-8.219628094789D-09
   -4.607334771129D-11 1.000000000000D+00 2.439000000000D+03 0.000000000000D+00
    2.000000000000D+00 0.000000000000D+00 3.725290298462D-09 2.700000000000D+01
    1.872180000000D+05 4.000000000000D+00
31 26 10  6  6  0  0.0-1.149796880782D-04 2.955857780762D-12 0.000000000000D+00
    2.700000000000D+01-4.978125000000D+01 4.322322899241D-09-7.050168684967D-02
   -2.468004822731D-06 1.115062122699D-02 1.185759902000D-05 5.153670700073D+03
    1.944000000000D+05-7.078051567078D-08 2.344199233422D+00 2.402812242508D-07
    9.551408158488D-01 1.488125000000D+02 1.021628817250D+00-8.076765001110D-09
    1.539349834385D-10 1.000000000000D+00 2.439000000000D+03 0.000000000000D+00
    2.000000000000D+00 0.000000000000D+00-1.350417733192D-08 2.700000000000D+01
    1.872180000000D+05 4.000000000000D+00
32 26 10  6  6  0  0.0 3.014653921127D-04 1.784883352229D-11 0.000000000000D+00
    1.590000000000D+02-7.300000000000D+01 4.473757778540D-09-1.795570965721D+00
   -3.755092620850D-06 9.612641995773D-03 4.211440682411D-06 5.153604499817D+03
    1.944000000000D+05 2.086162567139D-07 1.264004635507D+00 9.313225746155D-09
    9.700387756544D-01 3.038750000000D+02-1.973013352474D+00-8.138910446860D-09
   -2.389385241772D-10 1.000000000000D+00 2.439000000000D+03 0.000000000000D+00
    2.000000000000D+00 0.000000000000D+00 9.313225746155D-10 1.590000000000D+02
    1.882890000000D+05 4.000000000000D+00
 1 26 10  6  6 14 40.0 1.560603268445D-04-8.640199666843D-12 0.000000000000D+00
    2.800000000000D+01 5.021875000000D+01 4.480186617756D-09 2.835393669413D+00
    2.613291144371D-06 2.034211298451D-03 1.143291592598D-05 5.153748102188D+03
    1.952800000000D+05-6.146728992462D-08-7.493585138128D-01-2.048909664154D-08
    9.563153123142D-01 1.545937500000D+02 1.589147604205D-01-7.946759585863D-09
   -1.582208762489D-10 1.000000000000D+00 2.439000000000D+03 0.000000000000D+00
    2.000000000000D+00 0.000000000000D+00-8.847564458847D-09 7.960000000000D+02
    1.887120000000D+05 4.000000000000D+00
18 26 10  6  6 14 40.0-2.400344237685D-04 8.753886504564D-12 0.000000000000D+00
    7.900000000000D+01 2.921875000000D+01 4.232676307958D-09 1.940092598884D+00
    1.631677150726D-06 6.574737257324D-03 1.081638038158D-05 5.153610570908D+03
    1.952800000000D+05-1.229345798492D-07-8.008529975990D-01 1.266598701477D-07
    9.699317719744D-01 1.789687500000D+02-2.811335168217D+00-7.889257190657D-09
   -2.275094766829D-10 1.000000000000D+00 2.439000000000D+03 0.000000000000D+00
    2.000000000000D+00 0.000000000000D+00-8.381903171539D-09 3.350000000000D+02
    1.881180000000D+05 4.000000000000D+00
